2 0.353296875 0.3341018518518518 0.02777604166666663 0.14043518518518514
2 0.724828125 0.5069444444444444 0.0381927083333333 0.15895370370370376
3 0.11805729166666666 0.4537037037037037 0.055557291666666675 0.16666666666666666
3 0.1015625 0.4351851851851852 0.029515625000000007 0.1635833333333334
3 0.271703125 0.44984259259259257 0.04514062500000004 0.16512037037037042
3 0.7083333333333334 0.4591018518518518 0.0381927083333333 0.15586111111111114
3 0.333765625 0.46296296296296297 0.044270833333333336 0.16049074074074068
3 0.4609375 0.38039814814814815 0.0381927083333333 0.1527777777777778
1 0.5377604166666666 0.44907407407407407 0.06683854166666663 0.16049074074074068
1 0.3858489583333334 0.41358333333333336 0.0789947916666667 0.12654629629629627
1 0.3624114583333334 0.4729907407407407 0.0460052083333333 0.1466018518518519
0 0.4600677083333334 0.40046296296296297 0.06423437499999997 0.12191666666666663
3 0.318140625 0.4645092592592593 0.044270833333333336 0.15123148148148152