3 0.5293489583333334 0.5340925925925927 0.06591666666666667 0.14519444444444446
0 0.7584947916666667 0.4596111111111111 0.040791666666666664 0.15097222222222223
1 0.6413229166666666 0.5473981481481482 0.05200520833333333 0.16985185185185184
3 0.19710416666666666 0.5532685185185185 0.034979166666666665 0.13021296296296295
1 0.39104687499999996 0.4501851851851852 0.07961979166666668 0.12058333333333332
3 0.3457239583333333 0.6590925925925927 0.044307291666666665 0.16343518518518518
3 0.2559635416666667 0.4222962962962963 0.026510416666666665 0.12916666666666668
2 0.9320416666666667 0.580962962962963 0.04706770833333333 0.14278703703703705
2 0.5652291666666667 0.37260185185185185 0.030109375 0.11495370370370371
1 0.5036875000000001 0.5270925925925926 0.08306770833333334 0.12456481481481482
3 0.7902083333333334 0.4593425925925926 0.04188020833333333 0.11806481481481482
3 0.897578125 0.4982314814814815 0.054187500000000006 0.1291851851851852
3 0.4880625 0.49422222222222223 0.026822916666666665 0.11374999999999999
3 0.7927291666666666 0.44266666666666665 0.017401041666666665 0.10324074074074074