2 0.06814062500000001 0.27624074074074073 0.0390625 0.1882777777777778
3 0.22222395833333333 0.15817592592592594 0.045140624999999976 0.1404351851851852
1 0.3055572916666666 0.1597222222222222 0.07465104166666663 0.13734259259259263
0 0.646265625 0.12037037037037036 0.0390625 0.1358055555555555
3 0.3819427083333334 0.3549351851851852 0.050348958333333374 0.16975000000000004
3 0.447484375 0.3734537037037037 0.05642187499999996 0.19444444444444445
3 0.63671875 0.33796296296296297 0.04079687499999996 0.1635833333333333
1 0.7730052083333334 0.16435185185185186 0.08420312500000003 0.1496944444444444
1 0.8203125 0.17206481481481484 0.09548437499999997 0.14969444444444446
3 0.9305572916666667 0.16512037037037042 0.04860937499999996 0.14814814814814814
3 0.954859375 0.14969444444444444 0.046875 0.14506481481481484
1 0.8502604166666666 0.6141944444444445 0.17621354166666664 0.2901203703703703
1 0.5577239583333333 0.29321296296296295 0.09635416666666667 0.17284259259259255
3 0.431859375 0.29398148148148145 0.0772552083333333 0.15586111111111114
3 0.4930572916666666 0.3395092592592593 0.0711822916666667 0.09876851851851848
0 0.66796875 0.8819444444444444 0.1085052083333333 0.2361111111111111