3 0.540515625 0.7064722222222223 0.0460078125 0.17091666666666666
1 0.543875 0.4535416666666667 0.055132812499999996 0.1535277777777778
3 0.67740625 0.6297361111111112 0.0691796875 0.15575
1 0.42737499999999995 0.38331944444444443 0.0615390625 0.1301388888888889
2 0.6689609375 0.33916666666666667 0.0316875 0.110375
3 0.429875 0.5635555555555556 0.0401875 0.090375
3 0.3766171875 0.41418055555555555 0.0300546875 0.13469444444444445
1 0.6457734375 0.38681944444444444 0.02778125 0.128125
1 0.5551015625 0.44915277777777773 0.036367187499999995 0.13972222222222222
3 0.8440468750000001 0.5698611111111112 0.03325 0.15856944444444446
3 0.42982812499999995 0.6148611111111111 0.0356328125 0.157625
3 0.46675781250000004 0.6120416666666667 0.061281249999999995 0.1500138888888889
0 0.5141796875 0.3608472222222222 0.0469609375 0.07818055555555556
2 0.410953125 0.3026388888888889 0.0280078125 0.07155555555555557
3 0.4738203125 0.5275416666666667 0.033203125 0.1218888888888889