3 0.9186979166666667 0.7484074074074074 0.14643229166666666 0.37150000000000005
3 0.31341145833333334 0.4587407407407407 0.07797916666666667 0.2585648148148148
3 0.7758489583333333 0.43393518518518515 0.06931770833333334 0.2631666666666667
1 0.06085416666666667 0.5141111111111111 0.12171354166666666 0.2801851851851852
3 0.9555729166666667 0.4552962962962963 0.088859375 0.2840740740740741
3 0.21038020833333335 0.3700277777777778 0.086765625 0.23844444444444443
3 0.6867760416666666 0.2908981481481482 0.0863125 0.24703703703703705
1 0.8066510416666667 0.4818518518518518 0.10688541666666666 0.27972222222222226
1 0.22743229166666667 0.5108055555555555 0.14235937499999998 0.2654351851851852
3 0.252171875 0.45987962962962964 0.08246354166666667 0.2561759259259259
3 0.74609375 0.31712962962962965 0.056421874999999996 0.23919444444444443
0 0.5190989583333333 0.5987685185185185 0.09027604166666667 0.24691666666666667