3 0.47178125000000004 0.5880092592592592 0.063109375 0.14730555555555555
1 0.5934270833333334 0.4490092592592593 0.034421875000000005 0.12450000000000001
3 0.8463489583333333 0.6960185185185186 0.05009895833333333 0.1890277777777778
3 0.68825 0.5257222222222222 0.050609375 0.15808333333333333
3 0.8860885416666666 0.43842592592592594 0.03702083333333333 0.14806481481481482
3 0.7006822916666666 0.4646851851851852 0.044223958333333334 0.11746296296296296
3 0.42400000000000004 0.5221388888888888 0.05688541666666667 0.14075
1 0.5389375 0.5193425925925926 0.054885416666666666 0.14532407407407405
0 0.485546875 0.4809444444444444 0.04366145833333333 0.10201851851851852
2 0.2895520833333334 0.5394444444444445 0.04334375 0.1319722222222222
3 0.90990625 0.4605740740740741 0.02676041666666667 0.15387037037037038
1 0.5489999999999999 0.45455555555555555 0.07265104166666667 0.14182407407407407
3 0.6627083333333333 0.5014722222222222 0.032703125 0.1541851851851852
3 0.674859375 0.42537962962962966 0.020895833333333332 0.08532407407407408