1 0.980421875 0.5350462962962963 0.03640104166666667 0.1773888888888889
2 0.6013645833333333 0.2997962962962963 0.029760416666666668 0.10564814814814814
2 0.115515625 0.5640740740740741 0.045546875 0.16156481481481483
2 0.950171875 0.8500925925925926 0.043333333333333335 0.21860185185185185
3 0.44779166666666664 0.5929444444444444 0.04213541666666667 0.1732037037037037
1 0.6211666666666668 0.49854629629629627 0.09211979166666667 0.1585185185185185
1 0.7331770833333333 0.43044444444444446 0.065125 0.15160185185185185
0 0.41866145833333335 0.4320833333333333 0.038421875 0.15168518518518517
1 0.6722239583333334 0.39346296296296296 0.03270833333333333 0.15305555555555556
3 0.2674375 0.4466851851851852 0.03790625 0.14783333333333332
3 0.7879947916666666 0.4867407407407407 0.051375 0.1867222222222222
3 0.6966145833333334 0.36497222222222225 0.033854166666666664 0.13117592592592592
3 0.283421875 0.5733055555555555 0.05121354166666667 0.16203703703703703
3 0.22916666666666666 0.3780833333333333 0.048609374999999996 0.17284259259259258