1 0.6016302083333334 0.5677129629629629 0.061281249999999926 0.1356944444444444
3 0.6878645833333333 0.6174351851851853 0.04095833333333327 0.17508333333333326
2 0.9461562499999999 0.4377685185185185 0.03038541666666674 0.14579629629629634
1 0.40540625 0.3366018518518518 0.05134374999999996 0.1209537037037037
3 0.182671875 0.573925925925926 0.055734374999999996 0.14480555555555566
3 0.7350520833333333 0.3184259259259259 0.043359375 0.12743518518518518
3 0.113109375 0.3504074074074074 0.036281250000000015 0.12614814814814815
3 0.016249999999999997 0.3241851851851852 0.03249479166666667 0.12891666666666668
2 0.43800520833333334 0.25207407407407406 0.028270833333333318 0.11675000000000003
1 0.22483854166666667 0.5130092592592592 0.0638958333333333 0.14824074074074065
1 0.6166250000000001 0.3726203703703704 0.06957291666666662 0.13029629629629633
3 0.3668385416666667 0.32971296296296293 0.04226041666666672 0.12728703703703706
3 0.5541510416666667 0.3256759259259259 0.04232812499999999 0.11712037037037037
1 0.5364583333333334 0.3420740740740741 0.030093750000000103 0.13065740740740742
0 0.646703125 0.36779629629629634 0.04918750000000003 0.11419444444444449