2 0.5299166666666667 0.2722037037037037 0.039822916666666666 0.09987962962962964
2 0.8801302083333333 0.7742407407407407 0.0410625 0.19975925925925928
2 0.08311458333333334 0.5265 0.038234375 0.15521296296296297
1 0.5904479166666667 0.4787314814814815 0.07861979166666666 0.15433333333333335
1 0.9299895833333333 0.511462962962963 0.043557291666666664 0.17130555555555554
1 0.7125052083333333 0.38587037037037036 0.07802083333333334 0.15553703703703703
3 0.6834010416666667 0.4793518518518519 0.03303125 0.1365925925925926
1 0.6191093750000001 0.3889722222222222 0.07753125000000001 0.1392685185185185
3 0.433015625 0.5032685185185185 0.07908333333333334 0.14824074074074073
3 0.355140625 0.5563055555555555 0.07323958333333333 0.15895370370370368
3 0.22177083333333333 0.42256481481481484 0.042078125 0.13325
3 0.9877187500000001 0.3736111111111111 0.024562499999999998 0.1443888888888889
3 0.19791666666666666 0.4375 0.057291666666666664 0.12268518518518519
3 0.68359375 0.34780555555555553 0.022135416666666668 0.09606481481481481
0 0.3754322916666667 0.3912037037037037 0.04253645833333333 0.1373425925925926