3 0.5293489583333334 0.5340925925925927 0.06591666666666664 0.1451944444444444
0 0.7584947916666667 0.4596111111111111 0.040791666666666754 0.15097222222222217
1 0.6413229166666666 0.5473981481481482 0.05200520833333329 0.1698518518518519
3 0.19710416666666666 0.5532685185185185 0.03497916666666665 0.13021296296296306
1 0.39104687499999996 0.45018518518518513 0.0796197916666666 0.12058333333333335
3 0.3457239583333333 0.6590925925925927 0.04430729166666663 0.16343518518518518
3 0.2559635416666667 0.4222962962962962 0.026510416666666654 0.12916666666666668
2 0.9320416666666667 0.580962962962963 0.04706770833333328 0.14278703703703707
2 0.5652291666666667 0.37260185185185185 0.030109374999999973 0.11495370370370368
1 0.5036875000000001 0.5270925925925926 0.08306770833333334 0.1245648148148148
3 0.7902083333333334 0.45934259259259264 0.04188020833333326 0.1180648148148148
3 0.897578125 0.4982314814814815 0.05418749999999998 0.12918518518518518
3 0.4880625 0.49422222222222223 0.026822916666666665 0.11374999999999992
3 0.7927291666666666 0.4426666666666666 0.017401041666666592 0.10324074074074074