2 0.11441145833333333 0.5382407407407407 0.035526041666666654 0.18637037037037035
3 0.2279375 0.3404537037037037 0.06614062500000001 0.1451018518518519
2 0.8119583333333333 0.2365833333333333 0.030348958333333325 0.1271296296296296
3 0.8846145833333333 0.5045555555555555 0.04699999999999989 0.1654074074074075
0 0.41274479166666667 0.38382407407407404 0.03872395833333329 0.15498148148148147
1 0.5926979166666667 0.46225925925925926 0.07902083333333323 0.1628796296296297
1 0.81665625 0.3856759259259259 0.07140624999999995 0.15798148148148147
3 0.7077708333333333 0.5013425925925926 0.03686458333333344 0.1583611111111111
3 0.8637239583333333 0.5754351851851852 0.061703124999999893 0.1896296296296296
3 0.17693229166666666 0.3165185185185185 0.048843749999999984 0.1475277777777778
1 0.69678125 0.4331111111111111 0.07193229166666673 0.16301851851851848
3 0.6750208333333333 0.31421296296296297 0.0311770833333334 0.11436111111111111
3 0.70078125 0.30787037037037035 0.0390625 0.12129629629629629