1 0.8163802083333334 0.4761203703703704 0.12349479166666667 0.18630555555555556
3 0.66303125 0.6569444444444444 0.098390625 0.25216666666666665
1 0.4276770833333333 0.5188425925925926 0.06004166666666667 0.20049074074074075
3 0.8268177083333333 0.09416666666666666 0.01864583333333333 0.07176851851851852
1 0.43202083333333335 0.1198611111111111 0.04778125 0.08944444444444444
1 0.7717968749999999 0.0880925925925926 0.03995833333333333 0.0827037037037037
3 0.7684166666666666 0.3590925925925926 0.043921875 0.16012962962962962
3 0.3840677083333333 0.12073148148148147 0.025989583333333333 0.08114814814814815
3 0.8675572916666667 0.47053703703703703 0.06321875 0.18653703703703706
3 0.13566145833333335 0.44625925925925924 0.06586979166666666 0.16816666666666666
3 0.8967604166666666 0.3665462962962963 0.040625 0.1523611111111111
3 0.7953489583333333 0.3456018518518518 0.036041666666666666 0.15688888888888888
3 0.8697083333333333 0.3663703703703704 0.05006770833333333 0.15346296296296297
0 0.616203125 0.06893518518518518 0.023416666666666665 0.0726574074074074
1 0.5372447916666666 0.07323148148148148 0.036807291666666665 0.07568518518518517
1 0.19334375 0.4774259259259259 0.13309374999999998 0.12967592592592594
1 0.18105729166666668 0.3896759259259259 0.038390625 0.11764814814814815
0 0.5347239583333334 0.519287037037037 0.05902604166666667 0.21141666666666667
3 0.14670312500000002 0.39428703703703705 0.03993229166666667 0.14351851851851852
3 0.5073802083333333 0.07407407407407407 0.014755208333333332 0.07407407407407407