3 0.9186979166666667 0.7484074074074074 0.14643229166666671 0.37150000000000005
3 0.31341145833333334 0.4587407407407408 0.07797916666666668 0.2585648148148148
3 0.7758489583333333 0.43393518518518515 0.06931770833333341 0.2631666666666667
1 0.06067708333333333 0.513425925925926 0.12135416666666667 0.28055555555555556
3 0.95546875 0.4550925925925926 0.0890625 0.28425925925925927
3 0.21038020833333335 0.3700277777777778 0.08676562500000001 0.23844444444444443
3 0.6867760416666666 0.2908981481481482 0.08631249999999989 0.2470370370370371
1 0.8066510416666667 0.4818518518518518 0.10688541666666657 0.27972222222222237
1 0.22743229166666667 0.5108055555555555 0.142359375 0.2654351851851853
3 0.252171875 0.45987962962962964 0.08246354166666668 0.25617592592592586
3 0.74609375 0.31712962962962965 0.05642187499999996 0.23919444444444438
0 0.5190989583333334 0.5987685185185185 0.09027604166666663 0.24691666666666673