3 0.03758854166666667 0.5405740740740741 0.05791145833333333 0.19816666666666666
2 0.7471458333333333 0.5589074074074074 0.05449479166666672 0.17233333333333345
3 0.7941145833333334 0.4474444444444445 0.05560937499999999 0.16116666666666662
3 0.10927083333333334 0.451787037037037 0.03496354166666667 0.15622222222222223
1 0.6169635416666667 0.47043518518518523 0.09035937500000012 0.1618148148148148
1 0.433671875 0.43175 0.09450000000000003 0.12862037037037033
3 0.3860364583333334 0.48830555555555555 0.037729166666666696 0.1669444444444444
2 0.3963229166666667 0.3115 0.028489583333333356 0.13662037037037042
1 0.18481770833333336 0.45721296296296293 0.11395312499999997 0.14629629629629629
3 0.42260416666666667 0.4883703703703704 0.056276041666666644 0.16526851851851854
1 0.14825 0.5415833333333333 0.06634895833333333 0.17486111111111102
0 0.6202604166666668 0.46055555555555555 0.03482291666666673 0.13135185185185175
3 0.250671875 0.3809166666666667 0.053171875000000014 0.14249074074074072
3 0.22106770833333333 0.3005185185185185 0.04700000000000001 0.09610185185185181
3 0.40378125 0.3959074074074074 0.02805208333333328 0.11897222222222223