3 0.6210572916666667 0.6930925925925926 0.06802604166666668 0.20550925925925925
1 0.10841145833333334 0.4114722222222222 0.09261979166666667 0.14557407407407408
2 0.6126510416666666 0.20463888888888887 0.03134895833333333 0.11325925925925925
0 0.21597395833333335 0.37783333333333335 0.04196875 0.16132407407407406
3 0.7656666666666666 0.42000000000000004 0.051390625 0.17175925925925925
3 0.3071770833333333 0.3098240740740741 0.050666666666666665 0.12952777777777777
3 0.92225 0.3425462962962963 0.03953645833333333 0.1516111111111111
1 0.3827447916666667 0.297537037037037 0.040703125 0.12760185185185186
1 0.7025052083333333 0.24350925925925926 0.10663541666666668 0.1115462962962963
3 0.4281197916666667 0.5498055555555555 0.03343229166666666 0.17654629629629628
1 0.8225572916666667 0.3488425925925926 0.08401041666666667 0.13590740740740742
3 0.6605885416666666 0.22685185185185186 0.05555729166666667 0.09876851851851852