0 0.343796875 0.44580555555555557 0.05017708333333334 0.1809814814814815
2 0.7281197916666666 0.29050000000000004 0.039864583333333335 0.1451111111111111
3 0.7850989583333334 0.5386018518518519 0.05223958333333333 0.16964814814814816
1 0.20936458333333335 0.49761111111111106 0.06163020833333333 0.19331481481481483
1 0.4251302083333333 0.432 0.037953125000000004 0.16787962962962963
2 0.059557291666666665 0.5012592592592593 0.038078125 0.23862037037037034
3 0.4826197916666667 0.5202314814814815 0.068984375 0.19092592592592592
3 0.9444010416666667 0.3761203703703703 0.07063541666666667 0.1399166666666667
3 0.28184895833333334 0.5445925925925925 0.05882291666666666 0.18285185185185185
3 0.48385416666666664 0.39305555555555555 0.053125 0.15092592592592594
1 0.28072916666666664 0.4777777777777778 0.08229166666666667 0.1537037037037037