1 0.72096875 0.4575277777777778 0.10035156250000003 0.12765277777777773
3 0.0487421875 0.35755555555555557 0.05330468749999999 0.1377083333333333
3 0.9471171875 0.6088749999999999 0.045210937499999916 0.17641666666666664
3 0.5888046874999999 0.46263888888888893 0.05384375000000006 0.1640416666666667
1 0.49251562499999996 0.47473611111111114 0.11919531249999996 0.14080555555555554
1 0.466 0.4041944444444444 0.07028125000000003 0.1393472222222223
3 0.5213281249999999 0.39384722222222224 0.05033593750000005 0.14004166666666673
3 0.3253828125 0.5839444444444445 0.05075000000000003 0.14240277777777774
3 0.6669375 0.5641527777777777 0.056265624999999986 0.16225000000000006
3 0.2721640625 0.598875 0.05483593750000004 0.13193055555555558
2 0.58009375 0.2872222222222222 0.031117187499999942 0.12695833333333328
0 0.269140625 0.42268055555555556 0.04732812500000003 0.1411388888888889
1 0.1759453125 0.4688333333333333 0.06467968750000001 0.15130555555555547