1 0.207 0.49648611111111113 0.06107031249999997 0.16829166666666662
3 0.748328125 0.5920694444444444 0.03707812500000003 0.18288888888888882
1 0.51790625 0.48859722222222224 0.08935937499999991 0.15218055555555562
3 0.42935937500000004 0.4327361111111111 0.028335937499999984 0.14559722222222227
3 0.48842187499999995 0.6118611111111112 0.0525390625 0.1817083333333334
3 0.019625 0.36662500000000003 0.03925 0.13051388888888893
3 0.3935625 0.5182777777777778 0.0412109375 0.13511111111111107
3 0.49409375000000005 0.46718055555555554 0.024648437499999964 0.1618888888888888
1 0.4563359375 0.46619444444444447 0.06073437500000001 0.17180555555555563
1 0.434578125 0.5483611111111111 0.0720625 0.14600000000000002
2 0.5611484375 0.3381805555555556 0.03209374999999994 0.1358055555555555
0 0.34297656249999997 0.4901527777777778 0.0443359375 0.12749999999999995