1 0.756125 0.35324074074074074 0.04566666666666667 0.1861574074074074
2 0.80315625 0.36995370370370373 0.05440104166666667 0.19446296296296298
3 0.4429427083333334 0.4432037037037037 0.042078125 0.20596296296296296
3 0.2987447916666667 0.4309537037037037 0.06233333333333334 0.18951851851851853
1 0.49997395833333336 0.4963518518518518 0.08373958333333334 0.21878703703703703
1 0.8762083333333333 0.46902777777777777 0.06425520833333334 0.21197222222222223
3 0.5894999999999999 0.5113333333333333 0.050505208333333336 0.19180555555555556
3 0.5919270833333333 0.37453703703703706 0.033854166666666664 0.14166666666666666
2 0.5153645833333333 0.43796296296296294 0.0390625 0.23703703703703705
0 0.5471354166666667 0.449537037037037 0.050520833333333334 0.12685185185185185
3 0.5763020833333333 0.5347222222222222 0.07864583333333333 0.075