1 0.8163802083333334 0.4761203703703704 0.12349479166666673 0.18630555555555559
3 0.66303125 0.6569444444444444 0.09839062499999993 0.2521666666666666
1 0.4276770833333333 0.5188425925925926 0.06004166666666665 0.20049074074074072
3 0.8268177083333333 0.09416666666666666 0.018645833333333427 0.07176851851851854
1 0.43202083333333335 0.1198611111111111 0.047781250000000004 0.08944444444444447
1 0.7717968749999999 0.08809259259259261 0.03995833333333323 0.0827037037037037
3 0.7684166666666666 0.3590925925925926 0.043921874999999964 0.16012962962962957
3 0.3840677083333333 0.12073148148148147 0.025989583333333382 0.08114814814814814
3 0.8675572916666667 0.470537037037037 0.06321875000000006 0.18653703703703708
3 0.13566145833333335 0.44625925925925924 0.06586979166666668 0.16816666666666666
3 0.8967604166666666 0.3665462962962963 0.040625 0.15236111111111106
3 0.7953489583333333 0.3456018518518518 0.03604166666666657 0.15688888888888894
3 0.8697083333333333 0.3663703703703704 0.05006770833333339 0.15346296296296297
0 0.616203125 0.06893518518518518 0.023416666666666686 0.0726574074074074
1 0.5372447916666666 0.07323148148148148 0.03680729166666671 0.07568518518518519
1 0.19334375 0.4774259259259259 0.13309374999999998 0.1296759259259259
1 0.18105729166666668 0.3896759259259259 0.03839062500000002 0.1176481481481481
0 0.5347239583333334 0.519287037037037 0.059026041666666626 0.2114166666666666
3 0.14670312500000002 0.39428703703703705 0.03993229166666665 0.14351851851851852
3 0.5073802083333333 0.07407407407407407 0.014755208333333296 0.07407407407407407