1 0.5656666666666667 0.45555555555555555 0.08672916666666666 0.1713888888888888
3 0.27681770833333336 0.3798611111111111 0.0629583333333334 0.1304907407407408
2 0.4097864583333333 0.3006666666666667 0.03583854166666664 0.13762037037037037
2 0.7447708333333334 0.5426666666666667 0.03847395833333327 0.1673240740740741
0 0.6202083333333334 0.44301851851851853 0.05603645833333341 0.15439814814814815
3 0.17997916666666666 0.31025925925925923 0.048249999999999994 0.13718518518518516
3 0.407109375 0.5087962962962963 0.044734375000000055 0.16617592592592595
1 0.195046875 0.44925925925925925 0.04790625000000001 0.17377777777777773
3 0.7166041666666667 0.3978055555555556 0.06470833333333322 0.14507407407407413
3 0.3657291666666667 0.40325925925925926 0.042744791666666636 0.1162037037037037
1 0.15534895833333331 0.5245000000000001 0.053630208333333346 0.18637037037037035
3 0.03280729166666667 0.4489814814814815 0.05140104166666667 0.16006481481481494
3 0.021614583333333333 0.5304722222222222 0.043229166666666666 0.20078703703703696
3 0.3954479166666667 0.4988518518518518 0.061385416666666616 0.14708333333333326
1 0.3885104166666667 0.40285185185185185 0.046244791666666646 0.14026851851851851