1 0.5283020833333334 0.5303148148148148 0.09633854166666667 0.16496296296296295
3 0.13127083333333334 0.4795277777777778 0.06135416666666667 0.15237037037037038
3 0.27546354166666664 0.483 0.046671875 0.14744444444444446
2 0.292046875 0.32437962962962963 0.037515625000000004 0.1438611111111111
1 0.42152083333333334 0.4476203703703704 0.059390625 0.12628703703703703
1 0.0256875 0.532574074074074 0.05138020833333334 0.18414814814814814
3 0.6181614583333332 0.5182592592592593 0.0620625 0.17366666666666666
0 0.519546875 0.4644444444444445 0.04501041666666667 0.14514814814814814
3 0.19588541666666667 0.39452777777777776 0.057640625 0.14782407407407408
1 0.21990104166666666 0.478212962962963 0.03378125 0.1723888888888889
2 0.6540208333333334 0.5686759259259259 0.035166666666666666 0.17600000000000002
3 0.44805208333333335 0.43186111111111114 0.06569791666666666 0.11125925925925925
3 0.24667708333333332 0.4804629629629629 0.04553125 0.15264814814814817
3 0.1704635416666667 0.3389537037037037 0.043708333333333335 0.14024999999999999