2 0.7646822916666667 0.2726203703703704 0.032015624999999895 0.1779444444444444
1 0.6495468750000001 0.5132037037037037 0.0736875 0.17625925925925937
2 0.150546875 0.5074537037037037 0.04630729166666665 0.22101851851851856
3 0.28775520833333335 0.4987870370370371 0.03726041666666665 0.18715740740740752
0 0.42361458333333335 0.44928703703703704 0.043088541666666674 0.18551851851851864
3 0.45472395833333334 0.5288703703703703 0.0738645833333333 0.19216666666666662
3 0.4899791666666667 0.4934259259259259 0.04121354166666672 0.15842592592592583
1 0.3450520833333333 0.48518518518518516 0.0546875 0.18518518518518517
1 0.3731770833333333 0.43472222222222223 0.04114583333333333 0.18425925925925926
3 0.97890625 0.43703703703703706 0.0421875 0.15
3 0.9799479166666667 0.5717592592592593 0.04010416666666667 0.1824074074074074
3 0.39479166666666665 0.36898148148148147 0.046875 0.14722222222222223