3 0.75575 0.6081481481481481 0.06635937499999993 0.18396296296296302
2 0.76703125 0.2275185185185185 0.03230208333333332 0.1213240740740741
3 0.16766145833333335 0.33614814814814814 0.041848958333333346 0.13355555555555557
1 0.7083020833333333 0.4657037037037036 0.05145312499999998 0.1701203703703704
1 0.851296875 0.41112037037037036 0.08488020833333323 0.16935185185185195
1 0.5683177083333334 0.46558333333333335 0.09395833333333338 0.1583240740740741
3 0.7957447916666667 0.5137129629629629 0.05493229166666656 0.16641666666666668
2 0.093 0.5269444444444444 0.039270833333333324 0.18268518518518514
3 0.5820104166666666 0.3135092592592592 0.05044791666666673 0.12285185185185181
3 0.641109375 0.32949074074074075 0.04792708333333332 0.12051851851851848
3 0.6630104166666667 0.49440740740740746 0.054578124999999984 0.16380555555555562
0 0.39408333333333334 0.37167592592592597 0.03356250000000003 0.1465833333333334
3 0.071796875 0.3029074074074074 0.04637500000000001 0.14626851851851855
1 0.690625 0.4203703703703704 0.0875 0.12777777777777777