3 0.7453125 0.4082222222222222 0.04310416666666667 0.15232407407407406
1 0.341921875 0.49995370370370373 0.07525520833333334 0.1575740740740741
1 0.7938020833333332 0.1492777777777778 0.041093750000000005 0.07762037037037037
3 0.2867395833333333 0.6241296296296296 0.08181770833333334 0.20347222222222222
1 0.5241145833333333 0.21069444444444446 0.03658854166666667 0.09194444444444444
3 0.7449635416666667 0.1524537037037037 0.023546875000000002 0.06999074074074074
0 0.856453125 0.14630555555555555 0.021223958333333334 0.07011111111111111
3 0.9672031249999999 0.8442314814814814 0.06558854166666667 0.28285185185185185
3 0.06154166666666667 0.4025925925925926 0.06200520833333333 0.12382407407407406
3 0.4423489583333333 0.2089074074074074 0.018765625 0.08661111111111111
3 0.44213541666666667 0.38801851851851854 0.04590104166666666 0.12280555555555556
1 0.11286458333333332 0.4050462962962963 0.13352083333333334 0.11314814814814815
2 0.42526041666666664 0.2833333333333333 0.025520833333333333 0.0962962962962963
3 0.42421875 0.37824074074074077 0.028645833333333332 0.1398148148148148
3 0.6786458333333333 0.3592592592592593 0.03333333333333333 0.12962962962962962
1 0.9703125 0.6356481481481482 0.051041666666666666 0.22685185185185186
0 0.7963541666666667 0.5925925925925926 0.078125 0.20555555555555555