3 0.10427083333333333 0.39245370370370375 0.03790104166666666 0.13252777777777777
3 0.42217708333333337 0.5116018518518518 0.038260416666666665 0.14534259259259258
1 0.13984895833333333 0.38962962962962966 0.05171875 0.13373148148148148
2 0.39573437499999997 0.2622685185185185 0.022505208333333335 0.08099074074074074
2 0.8328958333333334 0.44202777777777774 0.02671875 0.13495370370370371
1 0.371171875 0.35074074074074074 0.08125 0.1287777777777778
3 0.6305625 0.32251851851851854 0.039484375 0.11287962962962962
1 0.5952864583333334 0.4866574074074074 0.055625 0.1423611111111111
3 0.22579687499999998 0.3385925925925926 0.035453124999999995 0.13024999999999998
3 0.34252083333333333 0.3492685185185185 0.03556770833333334 0.10875925925925925
3 0.23220312499999998 0.3449074074074074 0.05121354166666667 0.1373425925925926
0 0.5677083333333334 0.38039814814814815 0.036458333333333336 0.10956481481481481
3 0.5791041666666668 0.46787962962962965 0.059895833333333336 0.14178703703703704
1 0.609375 0.41637962962962966 0.06966145833333333 0.10937962962962963