2 0.43056770833333335 0.20563888888888887 0.024057291666666696 0.09743518518518521
2 0.04282291666666667 0.3792962962962963 0.03555208333333333 0.13652777777777783
1 0.7879427083333332 0.08424999999999999 0.03442708333333329 0.06178703703703703
1 0.5771197916666666 0.13202777777777777 0.03778124999999998 0.07153703703703702
3 0.554984375 0.29600925925925925 0.03621874999999998 0.10920370370370365
0 0.8348281249999999 0.08312037037037037 0.02098958333333343 0.05812962962962963
3 0.7183229166666667 0.28787037037037033 0.03359375 0.12522222222222223
1 0.5934895833333333 0.4200925925925926 0.08849479166666659 0.16309259259259257
3 0.6158229166666668 0.4175 0.04919270833333324 0.1583981481481481
3 0.7414843750000001 0.08668518518518518 0.0198489583333334 0.05887037037037036
3 0.6449010416666667 0.24172222222222223 0.05395833333333329 0.0992962962962963
3 0.5322083333333333 0.26364814814814813 0.037578125000000046 0.10566666666666667
3 0.2436875 0.40465740740740735 0.05632812500000005 0.13729629629629628
3 0.27734375 0.37453703703703706 0.0359375 0.13055555555555556
3 0.9658854166666667 0.5055555555555555 0.06822916666666666 0.19074074074074074
0 0.7825520833333334 0.45 0.06302083333333333 0.16111111111111112
3 0.4986979166666667 0.13703703703703704 0.0171875 0.07037037037037037