2 0.19598958333333333 0.5570370370370371 0.030880208333333315 0.14962962962962956
3 0.805359375 0.4520648148148148 0.04507291666666665 0.10165740740740738
2 0.616046875 0.2939537037037037 0.027046874999999915 0.07387037037037035
3 0.2749947916666667 0.43061111111111106 0.038260416666666686 0.09742592592592596
2 0.9860260416666667 0.7472962962962963 0.02794791666666659 0.1735925925925926
1 0.6342031250000001 0.35617592592592595 0.05404166666666678 0.11375000000000002
3 0.7514427083333334 0.44383333333333336 0.026161458333333342 0.1206296296296296
1 0.6957447916666666 0.4570462962962963 0.07267708333333331 0.12989814814814812
3 0.7225364583333334 0.4631574074074074 0.061906250000000065 0.1128796296296296
3 0.4936979166666667 0.47226851851851853 0.04152604166666667 0.11397222222222225
1 0.6536614583333333 0.41898148148148145 0.03934374999999998 0.12432407407407406
3 0.6395833333333333 0.3439814814814815 0.020833333333333332 0.11018518518518519
3 0.66640625 0.3800925925925926 0.0265625 0.06018518518518518
3 0.5111979166666667 0.4625 0.027604166666666666 0.10833333333333334
3 0.43359375 0.4393518518518518 0.033854166666666664 0.11574074074074074
0 0.42265625 0.42916666666666664 0.024479166666666666 0.11944444444444445