3 0.10427083333333333 0.39245370370370375 0.037901041666666656 0.13252777777777777
3 0.42217708333333337 0.5116018518518518 0.038260416666666686 0.1453425925925926
1 0.13984895833333333 0.38962962962962966 0.05171874999999997 0.13373148148148142
2 0.39573437499999997 0.2622685185185185 0.022505208333333353 0.08099074074074077
2 0.8328958333333334 0.44202777777777774 0.026718750000000093 0.13495370370370371
1 0.371171875 0.35074074074074074 0.08125 0.12877777777777782
3 0.6305625 0.32251851851851854 0.039484374999999974 0.1128796296296296
1 0.5952864583333334 0.4866574074074074 0.0556250000000001 0.1423611111111111
3 0.22579687499999998 0.3385925925925926 0.03545312499999997 0.13024999999999995
3 0.34252083333333333 0.3492685185185185 0.035567708333333316 0.10875925925925929
3 0.23220312499999998 0.3449074074074074 0.05121354166666669 0.13734259259259263
0 0.5677083333333334 0.38039814814814815 0.036458333333333336 0.10956481481481485
3 0.5791041666666668 0.46787962962962965 0.059895833333333336 0.14178703703703704
1 0.609375 0.41637962962962966 0.06966145833333333 0.10937962962962963