2 0.06814062500000001 0.27624074074074073 0.0390625 0.1882777777777778
3 0.22222395833333333 0.15817592592592594 0.045140625000000004 0.14043518518518516
1 0.3055572916666666 0.1597222222222222 0.07465104166666667 0.1373425925925926
0 0.646265625 0.12037037037037036 0.0390625 0.13580555555555554
3 0.3819427083333334 0.3549351851851852 0.05034895833333333 0.16975
3 0.447484375 0.3734537037037037 0.056421874999999996 0.19444444444444445
3 0.63671875 0.33796296296296297 0.040796874999999996 0.16358333333333333
1 0.7730052083333334 0.16435185185185186 0.08420312499999999 0.14969444444444444
1 0.8203125 0.17206481481481484 0.09548437500000001 0.14969444444444444
3 0.9305572916666667 0.1651203703703704 0.048609374999999996 0.14814814814814814
3 0.954859375 0.14969444444444444 0.046875 0.1450648148148148
1 0.8502604166666666 0.6141944444444445 0.17621354166666667 0.29012037037037036
1 0.5577239583333333 0.29321296296296295 0.09635416666666667 0.17284259259259258
3 0.431859375 0.29398148148148145 0.07725520833333334 0.15586111111111112
3 0.4930572916666666 0.3395092592592593 0.07118229166666666 0.09876851851851852
0 0.66796875 0.8819444444444444 0.10850520833333334 0.2361111111111111