3 0.6792447916666667 0.444712962962963 0.0695625 0.22097222222222224
2 0.5771770833333334 0.5047407407407407 0.056734375000000004 0.22077777777777777
3 0.46963020833333335 0.43213888888888885 0.05494270833333333 0.20692592592592593
1 0.4740729166666667 0.48537962962962966 0.10458333333333333 0.22743518518518518
1 0.2594635416666667 0.5312129629629629 0.07090624999999999 0.22480555555555554
3 0.17573958333333334 0.48143518518518524 0.06917708333333333 0.23444444444444443
3 0.2642083333333333 0.42971296296296296 0.05931770833333334 0.22917592592592592
1 0.31577083333333333 0.4426851851851852 0.05838541666666666 0.3143796296296296
3 0.6664322916666666 0.4378888888888889 0.09710416666666667 0.22516666666666668
1 0.3449375 0.5296944444444445 0.12817708333333333 0.22825925925925927
3 0.37782812499999996 0.4812685185185185 0.061557291666666666 0.27487962962962964
2 0.36828125 0.40023148148148147 0.032046875 0.1887314814814815
0 0.4224479166666667 0.4806203703703704 0.05128645833333333 0.20419444444444446