3 0.33824479166666666 0.34091666666666665 0.051104166666666666 0.12512037037037035
3 0.26953645833333334 0.34361111111111114 0.03053125 0.09659259259259259
1 0.23196354166666666 0.23174999999999998 0.0410625 0.10317592592592593
3 0.23591145833333332 0.3349351851851852 0.04022916666666666 0.12111111111111113
1 0.44891666666666663 0.25375925925925924 0.041239583333333336 0.12171296296296295
3 0.5269479166666666 0.28230555555555553 0.03376041666666666 0.114
1 0.7434270833333334 0.209 0.056296875 0.10625925925925926
3 0.6463854166666666 0.2671851851851852 0.04693229166666667 0.11708333333333333
3 0.3709739583333333 0.1704074074074074 0.02909895833333333 0.10687037037037037
2 0.25066666666666665 0.4278518518518518 0.04473958333333334 0.12546296296296297
3 0.6414375 0.23925 0.02627604166666667 0.11491666666666667