3 0.3028359375 0.5581527777777778 0.0704140625 0.12744444444444444
3 0.2150859375 0.6081805555555555 0.06524218749999999 0.14484722222222218
3 0.6358046875000001 0.5477083333333334 0.053468750000000044 0.13840277777777774
1 0.1783671875 0.46268055555555554 0.044781250000000036 0.13586111111111102
3 0.5900390625 0.4487222222222222 0.05509374999999998 0.13813888888888895
3 0.072984375 0.3579861111111111 0.03496874999999999 0.12191666666666663
1 0.5050625 0.46243055555555557 0.07527343749999993 0.12968055555555555
0 0.2673125 0.4228611111111111 0.043523437500000026 0.12312499999999997
3 0.5520234375 0.40423611111111113 0.04656249999999993 0.10995833333333328
3 0.8951953125 0.6373472222222222 0.03555468750000017 0.1629166666666666
2 0.5379921875 0.30065277777777777 0.023148437500000084 0.10462499999999998
1 0.5068359375 0.405 0.0839765625 0.11688888888888885
1 0.5971328125 0.44998611111111114 0.08340624999999999 0.12351388888888898