2 0.6786875 0.37174074074074076 0.03224479166666659 0.1180462962962963
3 0.6335260416666666 0.530425925925926 0.0379635416666666 0.15467592592592588
1 0.7214479166666667 0.4759722222222222 0.05384375000000006 0.16075000000000012
3 0.5877135416666667 0.4049537037037037 0.03759374999999991 0.1373518518518519
2 0.227796875 0.5364907407407407 0.03409375000000002 0.15441666666666665
1 0.5241718750000001 0.39921296296296294 0.05964583333333332 0.14276851851851857
1 0.8417916666666667 0.48328703703703707 0.04902604166666672 0.16027777777777769
3 0.22753125000000002 0.3677685185185185 0.049583333333333354 0.10933333333333337
0 0.49645833333333333 0.4587314814814815 0.035473958333333284 0.13961111111111107
3 0.3795885416666666 0.542212962962963 0.055031250000000045 0.17669444444444438
1 0.812796875 0.5520648148148148 0.03593229166666655 0.16117592592592586
3 0.797390625 0.5018425925925926 0.05103125000000001 0.17176851851851851
3 0.3453125 0.3972222222222222 0.053125 0.14814814814814814