2 0.748265625 0.4976851851851852 0.036458333333333336 0.16203703703703703
2 0.357640625 0.33487962962962964 0.03125 0.1450648148148148
1 0.5056406250000001 0.38657407407407407 0.040796874999999996 0.2638888888888889
1 0.23046875 0.4050925925925926 0.14496354166666667 0.14969444444444444
3 0.13324479166666667 0.46219444444444446 0.0546875 0.15586111111111112
3 0.014322916666666666 0.5239166666666667 0.028645833333333332 0.17437962962962963
3 0.130640625 0.44675925925925924 0.0546875 0.1651203703703704
3 0.2920989583333334 0.38580555555555557 0.05816145833333333 0.17284259259259258
3 0.322046875 0.49845370370370373 0.046875 0.1574074074074074
3 0.3589427083333333 0.4791666666666667 0.059895833333333336 0.14969444444444444
3 0.697484375 0.41898148148148145 0.0390625 0.14660185185185187
0 0.541234375 0.43287037037037035 0.03211979166666667 0.15586111111111112
1 0.3832447916666667 0.5100277777777779 0.09982812499999999 0.14351851851851852
1 0.368921875 0.4776203703703704 0.060765625000000004 0.14660185185185187