3 0.86121875 0.8235925925925927 0.07545833333333334 0.3074722222222222
1 0.9459947916666667 0.6222407407407408 0.10801041666666666 0.24227777777777781
3 0.28163020833333335 0.5788055555555556 0.06519791666666667 0.2298888888888889
3 0.7771510416666667 0.40174074074074073 0.041875 0.16533333333333333
3 0.48769270833333334 0.35047222222222224 0.051786458333333334 0.13119444444444445
1 0.3281354166666667 0.4438333333333333 0.09443229166666667 0.1699351851851852
3 0.25713541666666667 0.3685277777777778 0.045515625 0.1280925925925926
1 0.75965625 0.1025462962962963 0.0400625 0.08212962962962964
3 0.6999479166666667 0.34850925925925924 0.03144270833333333 0.15066666666666667
3 0.386984375 0.17276851851851852 0.021557291666666666 0.09422222222222222
3 0.7044791666666667 0.10881481481481481 0.023572916666666666 0.07568518518518517
0 0.8213958333333333 0.10069444444444445 0.0213125 0.07492592592592592
1 0.47040624999999997 0.16858333333333334 0.02685416666666667 0.09687037037037037
2 0.41479166666666667 0.2609166666666667 0.040234375 0.1197037037037037
3 0.21305208333333334 0.38710185185185186 0.049921875 0.12432407407407409
3 0.18645833333333334 0.32083333333333336 0.058333333333333334 0.06944444444444445
0 0.7671875 0.5680555555555555 0.071875 0.20833333333333334