3 0.42035156249999994 0.6504166666666666 0.0714609375 0.16752777777777778
3 0.6719999999999999 0.8328194444444444 0.06704687499999999 0.19094444444444442
3 0.33753125 0.6706944444444444 0.0465078125 0.15612499999999999
3 0.571484375 0.4180138888888889 0.035484375 0.10568055555555556
3 0.3893515625 0.3110277777777778 0.04803125 0.117625
3 0.4793671875 0.5859166666666666 0.0498046875 0.15784722222222222
1 0.4644453125 0.4060416666666667 0.0694453125 0.14041666666666666
1 0.6091953125 0.463625 0.054421874999999995 0.1319722222222222
1 0.6693984375 0.40368055555555554 0.037078125 0.13805555555555557
2 0.31925781249999996 0.39558333333333334 0.0276484375 0.11986111111111111
2 0.7605390625 0.29801388888888886 0.0273984375 0.11123611111111112
3 0.7549609375 0.6880972222222222 0.041796875 0.15820833333333334
1 0.5566875 0.4962638888888889 0.072265625 0.12915277777777778
0 0.508328125 0.3863055555555555 0.0432421875 0.06931944444444443