2 0.9467916666666666 0.7802870370370371 0.04155729166666667 0.18975925925925927
3 0.48861979166666664 0.4766018518518519 0.048614583333333336 0.1489722222222222
2 0.5055416666666667 0.3151574074074074 0.030880208333333332 0.11
3 0.6525885416666667 0.5133333333333333 0.044895833333333336 0.13246296296296298
2 0.04740625 0.524074074074074 0.038125 0.16169444444444445
1 0.6655625000000001 0.43430555555555556 0.06871875 0.14713888888888887
1 0.6050520833333334 0.5057592592592592 0.04527604166666667 0.13486111111111113
0 0.33144270833333334 0.4075185185185185 0.036828124999999996 0.12838888888888889
3 0.9292812500000001 0.4467222222222222 0.037828125 0.1376851851851852
1 0.3873697916666667 0.35606481481481483 0.038078125 0.13437962962962963
3 0.2755208333333333 0.3236111111111111 0.04791666666666667 0.14907407407407408
3 0.23072916666666668 0.31296296296296294 0.05 0.1259259259259259
3 0.165625 0.4703703703703704 0.05 0.1685185185185185
1 0.5638020833333334 0.42685185185185187 0.043229166666666666 0.14629629629629629
3 0.5953125 0.43425925925925923 0.035416666666666666 0.1259259259259259
3 0.43854166666666666 0.36018518518518516 0.030208333333333334 0.13148148148148148