3 0.20354166666666668 0.4051666666666667 0.06936458333333331 0.1656944444444444
2 0.8425572916666667 0.3433703703703703 0.054416666666666676 0.15656481481481485
3 0.41660416666666666 0.44056481481481485 0.05213020833333329 0.17780555555555552
1 0.7453802083333334 0.35968518518518516 0.04849479166666673 0.17033333333333336
3 0.6460781250000001 0.5752962962962963 0.04317708333333338 0.21334259259259267
1 0.5162864583333333 0.5017222222222222 0.07738541666666662 0.18602777777777785
1 0.9204635416666667 0.4778333333333333 0.0744322916666666 0.1987129629629631
3 0.5853072916666666 0.3978888888888889 0.028760416666666563 0.15309259259259253
3 0.590625 0.5097222222222222 0.065625 0.12314814814814815
3 0.5557291666666667 0.5375 0.05416666666666667 0.058333333333333334
3 0.5567708333333333 0.4824074074074074 0.046875 0.06111111111111111
2 0.5005208333333333 0.4486111111111111 0.034375 0.19537037037037036