3 0.129203125 0.3708611111111111 0.08547916666666668 0.22772222222222221
1 0.42691666666666667 0.5276574074074074 0.07350520833333334 0.26311111111111113
3 0.33212499999999995 0.4115462962962963 0.05780729166666666 0.23075
2 0.6564895833333334 0.42174074074074075 0.050859375000000005 0.23065740740740742
3 0.49937499999999996 0.44808333333333333 0.053843749999999996 0.23325925925925925
3 0.28506770833333334 0.37711111111111106 0.05748958333333333 0.19453703703703704
1 0.39265104166666664 0.44542592592592595 0.06978645833333334 0.22042592592592594
3 0.72753125 0.33096296296296296 0.06513020833333333 0.2107314814814815
1 0.33046875 0.35555555555555557 0.0859375 0.2574074074074074
1 0.43671875 0.27037037037037037 0.030729166666666665 0.21481481481481482
0 0.45416666666666666 0.3736111111111111 0.057291666666666664 0.14166666666666666