3 0.8582604166666666 0.6357592592592592 0.09659375000000002 0.27445370370370376
3 0.6179114583333334 0.5017962962962963 0.06256249999999994 0.21523148148148152
3 0.03229166666666667 0.6828703703703703 0.06458333333333334 0.30462962962962964
3 0.04332291666666667 0.19142592592592594 0.03611458333333333 0.13568518518518516
2 0.9815989583333333 0.2810092592592593 0.03380729166666659 0.1618333333333333
1 0.09226041666666666 0.6266944444444444 0.09194791666666664 0.2693703703703704
1 0.4238958333333333 0.1973425925925926 0.0440520833333333 0.1276018518518518
3 0.4816614583333333 0.08224074074074074 0.030656249999999947 0.08397222222222223
1 0.43978645833333335 0.08238888888888889 0.021552083333333392 0.0935925925925926
1 0.15619791666666666 0.2006851851851852 0.07471875000000001 0.1256481481481482
3 0.4673541666666667 0.2044814814814815 0.04098958333333336 0.12228703703703703
1 0.7023906249999999 0.4686018518518518 0.07383333333333321 0.2161111111111111
3 0.2705416666666667 0.3901759259259259 0.04782291666666663 0.18285185185185188
1 0.32848958333333333 0.468675925925926 0.10389062500000001 0.22781481481481478
0 0.3455729166666667 0.0824074074074074 0.0265625 0.08888888888888889
0 0.41510416666666666 0.6597222222222222 0.078125 0.22870370370370371
3 0.6848958333333334 0.43194444444444446 0.078125 0.18611111111111112
3 0.05546875 0.6055555555555555 0.10260416666666666 0.2388888888888889
1 0.3609375 0.42916666666666664 0.09166666666666666 0.2064814814814815
3 0.31744791666666666 0.42824074074074076 0.03177083333333333 0.1712962962962963