3 0.86121875 0.8235925925925927 0.07545833333333339 0.30747222222222237
1 0.9459947916666667 0.6222407407407408 0.10801041666666672 0.24227777777777784
3 0.28163020833333335 0.5788055555555556 0.0651979166666667 0.22988888888888886
3 0.7771510416666667 0.40174074074074073 0.041875000000000044 0.16533333333333328
3 0.48769270833333334 0.35047222222222224 0.05178645833333337 0.1311944444444445
1 0.3281354166666667 0.44383333333333336 0.09443229166666664 0.16993518518518516
3 0.25713541666666667 0.3685277777777778 0.04551562499999999 0.12809259259259262
1 0.75965625 0.1025462962962963 0.040062500000000036 0.08212962962962962
3 0.6999479166666667 0.34850925925925924 0.03144270833333328 0.1506666666666667
3 0.386984375 0.17276851851851852 0.021557291666666718 0.09422222222222221
3 0.7044791666666667 0.10881481481481481 0.02357291666666678 0.07568518518518516
0 0.8213958333333333 0.10069444444444445 0.021312500000000036 0.07492592592592594
1 0.47040624999999997 0.16858333333333334 0.026854166666666637 0.09687037037037037
2 0.41479166666666667 0.2609166666666667 0.040234375 0.11970370370370367
3 0.21305208333333334 0.38710185185185186 0.04992187500000001 0.12432407407407406
3 0.18645833333333334 0.32083333333333336 0.058333333333333334 0.06944444444444445
0 0.7671875 0.5680555555555555 0.071875 0.20833333333333334