1 0.40628125 0.3118425925925926 0.03644791666666667 0.13419444444444445
1 0.2735208333333333 0.5439166666666666 0.07327083333333334 0.1627037037037037
3 0.21642187499999999 0.37716666666666665 0.046296875 0.15183333333333332
3 0.3165677083333333 0.3917962962962963 0.047328125000000006 0.14821296296296296
2 0.9829322916666666 0.5287685185185186 0.026848958333333332 0.1736851851851852
1 0.091765625 0.23042592592592595 0.038760416666666665 0.11237962962962963
1 0.34055729166666665 0.31444444444444447 0.06815104166666666 0.13975
3 0.8793229166666666 0.2688055555555556 0.04739583333333333 0.1435
3 0.6841145833333333 0.4675925925925926 0.03802083333333333 0.14814814814814814
3 0.20364583333333333 0.5611111111111111 0.035416666666666666 0.18703703703703703
1 0.6330729166666667 0.4023148148148148 0.033854166666666664 0.17314814814814813
0 0.6432291666666666 0.3300925925925926 0.04895833333333333 0.11203703703703703