2 0.64475 0.31369444444444444 0.03191145833333334 0.13187962962962962
2 0.20165104166666667 0.5256666666666667 0.040640625 0.16839814814814816
3 0.50465625 0.5961944444444445 0.04802083333333333 0.18727777777777777
3 0.9221927083333333 0.7480092592592593 0.06154166666666667 0.21217592592592593
1 0.6645104166666667 0.5097407407407407 0.09451041666666667 0.16883333333333334
3 0.130078125 0.5920925925925926 0.078859375 0.17572222222222222
1 0.7966145833333333 0.4376481481481482 0.04261458333333333 0.17248148148148149
0 0.47638020833333333 0.4460185185185185 0.045869791666666666 0.1525462962962963
3 0.3248489583333333 0.44734259259259257 0.03705729166666667 0.16394444444444445
3 0.90121875 0.5171666666666667 0.06634895833333333 0.21050925925925926
1 0.73046875 0.39351851851851855 0.052953125000000004 0.16049074074074074
3 0.7578125 0.39351851851851855 0.03472395833333333 0.1450648148148148
3 0.3619791666666667 0.33719444444444446 0.045140625000000004 0.21450925925925926