3 0.08109374999999999 0.5901018518518518 0.08371354166666665 0.20025925925925925
1 0.6741302083333333 0.5172407407407408 0.09780729166666666 0.18850925925925927
2 0.6626145833333333 0.3407962962962963 0.0295625 0.13696296296296295
3 0.8025520833333334 0.7398425925925926 0.045994791666666666 0.2165925925925926
2 0.289875 0.48876851851851855 0.03326041666666667 0.17592592592592593
3 0.5747760416666666 0.5948425925925925 0.04874479166666667 0.18982407407407406
3 0.9113645833333333 0.5718888888888889 0.07448437499999999 0.1840277777777778
3 0.3679479166666667 0.4611018518518519 0.047817708333333334 0.17816666666666667
3 0.7810364583333332 0.4373240740740741 0.03676041666666666 0.16374074074074074
1 0.754453125 0.39623148148148146 0.07170833333333333 0.1696388888888889
1 0.8173854166666668 0.43718518518518523 0.043541666666666666 0.19008333333333333
0 0.5095208333333333 0.4510925925925926 0.029260416666666667 0.16620370370370371
3 0.49619270833333334 0.3395 0.054286458333333336 0.22125