1 0.9195572916666667 0.5456018518518518 0.09350520833333334 0.21814814814814815
3 0.9648958333333333 0.33372222222222225 0.05431770833333334 0.1557685185185185
2 0.15779166666666666 0.18812037037037035 0.028468749999999998 0.12062962962962963
1 0.9574427083333333 0.028425925925925924 0.04406770833333333 0.05684259259259259
1 0.445578125 0.45575 0.09901041666666667 0.1521759259259259
1 0.6262187499999999 0.032435185185185185 0.03868229166666667 0.06487037037037037
3 0.572 0.30529629629629634 0.052265624999999996 0.13992592592592593
3 0.338296875 0.21330555555555555 0.07946875 0.12220370370370369
3 0.5703229166666667 0.03294444444444444 0.024838541666666665 0.06587962962962964
1 0.40104687499999997 0.3264814814814815 0.08819270833333334 0.13519444444444442
1 0.377796875 0.0879074074074074 0.04727083333333334 0.09041666666666667
3 0.31303125 0.26154629629629633 0.044098958333333334 0.13616666666666666
3 0.5631145833333334 0.3968888888888889 0.0476875 0.15000925925925926
3 0.27272395833333335 0.09516666666666666 0.02499479166666667 0.0968611111111111
0 0.6192708333333333 0.48194444444444445 0.07083333333333333 0.19166666666666668
0 0.6799479166666667 0.03148148148148148 0.022395833333333334 0.06296296296296296
3 0.2864583333333333 0.45185185185185184 0.08229166666666667 0.17037037037037037
3 0.2630208333333333 0.4203703703703704 0.06875 0.17037037037037037