3 0.463375 0.3715833333333334 0.06263281250000005 0.10822222222222216
3 0.23821093750000003 0.5020833333333333 0.051468749999999994 0.14580555555555558
3 0.7267109375 0.5922222222222222 0.05032031250000006 0.1523194444444444
1 0.5255 0.3136111111111111 0.037710937499999986 0.10266666666666661
1 0.634328125 0.3758611111111111 0.06239843749999992 0.13318055555555552
3 0.055140625 0.7044583333333332 0.06307812499999998 0.183
3 0.11614843749999999 0.20127777777777775 0.027679687500000005 0.12212500000000001
3 0.8914765625 0.3725833333333333 0.0366093750000001 0.13051388888888893
3 0.7070624999999999 0.5182777777777778 0.048789062500000036 0.14304166666666668
1 0.47707812499999996 0.4908333333333333 0.04008593749999996 0.13973611111111112
2 0.6305234375000001 0.1556111111111111 0.02949999999999999 0.10806944444444445
3 0.550921875 0.3183333333333333 0.03246093749999997 0.11994444444444446
1 0.3288359375 0.2690694444444444 0.034531250000000034 0.10693055555555557
0 0.2555546875 0.2793333333333333 0.03528124999999997 0.11156944444444442