2 0.71290625 0.2768148148148148 0.03340625 0.15261111111111111
3 0.5778854166666666 0.5029629629629631 0.038552083333333334 0.15063888888888888
3 0.8915052083333334 0.5529444444444443 0.060572916666666664 0.19727777777777777
2 0.12916145833333334 0.505175925925926 0.04240625 0.23267592592592592
3 0.4819322916666666 0.4608333333333333 0.041515624999999994 0.18831481481481482
3 0.21909895833333334 0.47426851851851853 0.053307291666666666 0.18462037037037035
1 0.5331302083333334 0.4542407407407407 0.07557812500000001 0.13835185185185184
3 0.9275416666666667 0.4152314814814815 0.04144270833333333 0.1703425925925926
3 0.30052083333333335 0.350462962962963 0.05 0.15648148148148147
3 0.9565104166666667 0.4060185185185185 0.08697916666666666 0.08055555555555556
1 0.428125 0.4351851851851852 0.06770833333333333 0.14074074074074075
1 0.34817708333333336 0.4101851851851852 0.03177083333333333 0.20185185185185187
0 0.37473958333333335 0.40879629629629627 0.03177083333333333 0.22870370370370371