3 0.058328124999999995 0.2184259259259259 0.030291666666666665 0.12176851851851851
3 0.6995885416666667 0.6057685185185185 0.064984375 0.24275000000000008
1 0.16327083333333334 0.22565740740740742 0.06526562499999997 0.11824074074074073
3 0.61953125 0.5563518518518519 0.07262500000000002 0.20409259259259266
2 0.903875 0.30672222222222223 0.040072916666666694 0.14995370370370376
1 0.059432291666666665 0.5864074074074075 0.11805208333333334 0.2652037037037038
1 0.40708333333333335 0.2201759259259259 0.04162500000000004 0.11699074074074071
1 0.24959895833333334 0.4978333333333333 0.05835937499999998 0.21515740740740752
3 0.46007291666666666 0.11387037037037037 0.026901041666666715 0.07862962962962962
3 0.8033645833333334 0.5368148148148149 0.08569791666666665 0.17176851851851851
1 0.36157812500000003 0.44660185185185186 0.06263541666666667 0.17927777777777779
1 0.743859375 0.5641018518518519 0.05666145833333332 0.20136111111111113
1 0.421296875 0.11500925925925926 0.025166666666666632 0.08337037037037036
3 0.4458697916666667 0.2285462962962963 0.03628645833333337 0.11118518518518516
0 0.34609375 0.1175925925925926 0.025520833333333333 0.08333333333333333
0 0.4075520833333333 0.6518518518518519 0.0640625 0.21666666666666667
3 0.01875 0.6148148148148148 0.0375 0.24259259259259258
3 0.3260416666666667 0.4212962962962963 0.029166666666666667 0.1537037037037037
3 0.25885416666666666 0.4597222222222222 0.053125 0.20833333333333334