3 0.463375 0.3715833333333334 0.0626328125 0.10822222222222222
3 0.23821093750000003 0.5020833333333333 0.051468749999999994 0.14580555555555555
3 0.7267109375 0.5922222222222222 0.0503203125 0.15231944444444445
1 0.5255 0.3136111111111111 0.0377109375 0.10266666666666667
1 0.634328125 0.3758611111111111 0.0623984375 0.13318055555555555
3 0.055140625 0.7044583333333333 0.063078125 0.183
3 0.11614843749999999 0.20127777777777775 0.0276796875 0.12212500000000001
3 0.8914765625 0.3725833333333333 0.036609375 0.13051388888888887
3 0.7070624999999999 0.5182777777777778 0.0487890625 0.14304166666666665
1 0.47707812499999996 0.4908333333333333 0.0400859375 0.13973611111111112
2 0.6305234375000001 0.15561111111111112 0.0295 0.10806944444444445
3 0.550921875 0.3183333333333333 0.032460937499999995 0.11994444444444444
1 0.3288359375 0.2690694444444444 0.03453125 0.10693055555555554
0 0.2555546875 0.2793333333333333 0.03528125 0.11156944444444444