1 0.5896328125 0.514625 0.061312500000000006 0.2920416666666667
3 0.5476015624999999 0.7468333333333333 0.0652578125 0.29391666666666666
1 0.0473515625 0.53275 0.094703125 0.2855972222222222
3 0.025023437500000002 0.36452777777777773 0.050046875000000005 0.23073611111111111
0 0.3164921875 0.5031111111111112 0.1335 0.235125
1 0.463359375 0.38840277777777776 0.07517968750000001 0.13008333333333333
3 0.3947734375 0.39291666666666664 0.0698125 0.23875000000000002
1 0.47983593750000003 0.5954583333333333 0.0923515625 0.2936944444444445
3 0.8120859375 0.659375 0.0979375 0.30383333333333334
2 0.667140625 0.2974305555555556 0.050765625 0.23719444444444446
3 0.44545312499999995 0.5139861111111111 0.05125 0.27930555555555553