3 0.8582604166666666 0.6357592592592592 0.09659375 0.2744537037037037
3 0.6179114583333334 0.5017962962962963 0.06256250000000001 0.21523148148148147
3 0.032296874999999996 0.6832592592592592 0.06459895833333333 0.3042962962962963
3 0.04332291666666667 0.19142592592592594 0.03611458333333333 0.1356851851851852
2 0.9815989583333333 0.2810092592592593 0.03380729166666666 0.16183333333333333
1 0.09226041666666666 0.6266944444444444 0.09194791666666666 0.26937037037037037
1 0.4238958333333333 0.1973425925925926 0.04405208333333333 0.12760185185185186
3 0.4816614583333333 0.08224074074074074 0.03065625 0.08397222222222223
1 0.43978645833333335 0.08238888888888889 0.021552083333333336 0.09359259259259259
1 0.15619791666666666 0.2006851851851852 0.07471875 0.12564814814814815
3 0.4673541666666667 0.2044814814814815 0.040989583333333336 0.12228703703703703
1 0.7023906249999999 0.4686018518518518 0.07383333333333333 0.21611111111111111
3 0.2705416666666667 0.3901759259259259 0.047822916666666666 0.18285185185185185
1 0.32848958333333333 0.46867592592592594 0.103890625 0.2278148148148148
0 0.3455729166666667 0.0824074074074074 0.0265625 0.08888888888888889
0 0.41510416666666666 0.6597222222222222 0.078125 0.22870370370370371
3 0.6848958333333334 0.43194444444444446 0.078125 0.18611111111111112
3 0.05546875 0.6055555555555555 0.10260416666666666 0.2388888888888889
1 0.3609375 0.42916666666666664 0.09166666666666666 0.2064814814814815
3 0.31744791666666666 0.42824074074074076 0.03177083333333333 0.1712962962962963