2 0.353296875 0.3341018518518518 0.027776041666666664 0.14043518518518516
2 0.724828125 0.5069444444444444 0.03819270833333333 0.15895370370370368
3 0.11805729166666666 0.4537037037037037 0.05555729166666667 0.16666666666666666
3 0.1015625 0.4351851851851852 0.029515625 0.16358333333333333
3 0.271703125 0.44984259259259257 0.045140625000000004 0.1651203703703704
3 0.7083333333333334 0.4591018518518518 0.03819270833333333 0.15586111111111112
3 0.333765625 0.46296296296296297 0.044270833333333336 0.16049074074074074
3 0.4609375 0.38039814814814815 0.03819270833333333 0.1527777777777778
1 0.5377604166666666 0.44907407407407407 0.06683854166666667 0.16049074074074074
1 0.3858489583333334 0.41358333333333336 0.07899479166666666 0.1265462962962963
1 0.3624114583333334 0.4729907407407407 0.04600520833333333 0.14660185185185187
0 0.4600677083333334 0.40046296296296297 0.064234375 0.12191666666666666
3 0.318140625 0.4645092592592593 0.044270833333333336 0.1512314814814815