1 0.21935416666666668 0.4682777777777778 0.09678645833333335 0.16017592592592594
1 0.48452604166666663 0.48084259259259254 0.09635416666666667 0.13161111111111098
1 0.4188854166666667 0.36818518518518517 0.07563541666666668 0.14585185185185184
3 0.0910625 0.4681296296296296 0.03500520833333332 0.1735185185185185
3 0.6799739583333333 0.5234722222222222 0.04996875000000003 0.17956481481481487
1 0.6875 0.3427222222222222 0.033083333333333326 0.14091666666666672
3 0.337375 0.49157407407407405 0.06613541666666668 0.17289814814814816
3 0.7520208333333334 0.5266388888888889 0.03623437500000008 0.16619444444444445
3 0.3143229166666667 0.324537037037037 0.0359375 0.14537037037037037
0 0.3489583333333333 0.387037037037037 0.03229166666666667 0.12037037037037036
2 0.6614583333333334 0.24861111111111112 0.021875 0.06759259259259259
3 0.6684895833333333 0.3074074074074074 0.033854166666666664 0.13703703703703704