2 0.30580729166666665 0.3205 0.03289062500000005 0.15644444444444447
2 0.681015625 0.45343518518518516 0.03718750000000005 0.1614907407407407
3 0.232015625 0.4943148148148148 0.04590104166666666 0.18512037037037044
3 0.09827083333333334 0.4622037037037037 0.06601041666666667 0.1871018518518519
1 0.44490625 0.43490740740740746 0.05834895833333332 0.16550925925925927
1 0.48514583333333333 0.5044444444444444 0.055307291666666696 0.1723981481481482
3 0.4650520833333333 0.33117592592592593 0.051052083333333324 0.13449999999999998
3 0.16959895833333333 0.47883333333333333 0.06888541666666666 0.18752777777777777
3 0.1564947916666667 0.379537037037037 0.06028125 0.1132592592592592
0 0.4379322916666667 0.4243796296296296 0.033854166666666664 0.15432407407407403
1 0.2760416666666667 0.3827129629629629 0.0711822916666667 0.1574074074074074
3 0.20616145833333333 0.4228425925925926 0.04774479166666665 0.18826851851851856
3 0.2513020833333333 0.3410462962962963 0.044270833333333336 0.1111111111111111