3 0.75575 0.6081481481481481 0.066359375 0.18396296296296297
2 0.76703125 0.2275185185185185 0.032302083333333335 0.12132407407407407
3 0.16766145833333335 0.33614814814814814 0.04184895833333333 0.13355555555555557
1 0.7083020833333333 0.4657037037037037 0.051453125 0.17012037037037037
1 0.851296875 0.41112037037037036 0.08488020833333333 0.16935185185185186
1 0.5683177083333334 0.4655833333333333 0.09395833333333334 0.1583240740740741
3 0.7957447916666667 0.5137129629629629 0.05493229166666667 0.16641666666666666
2 0.093 0.5269444444444444 0.03927083333333334 0.1826851851851852
3 0.5820104166666666 0.3135092592592592 0.05044791666666667 0.12285185185185186
3 0.641109375 0.32949074074074075 0.04792708333333333 0.12051851851851851
3 0.6630104166666667 0.49440740740740746 0.054578125000000005 0.16380555555555557
0 0.39408333333333334 0.37167592592592597 0.0335625 0.14658333333333334
3 0.071796875 0.3029074074074074 0.046375000000000006 0.14626851851851852
1 0.690625 0.4203703703703704 0.0875 0.12777777777777777