1 0.40628125 0.3118425925925926 0.03644791666666668 0.1341944444444444
1 0.2735208333333333 0.5439166666666666 0.07327083333333337 0.16270370370370374
3 0.21642187499999999 0.37716666666666665 0.046296874999999994 0.15183333333333335
3 0.3165677083333333 0.3917962962962963 0.04732812499999994 0.1482129629629629
2 0.9829322916666666 0.5287685185185186 0.02684895833333343 0.1736851851851851
1 0.091765625 0.23042592592592595 0.03876041666666667 0.11237962962962963
1 0.34055729166666665 0.31444444444444447 0.06815104166666662 0.13975000000000007
3 0.8793229166666666 0.2688055555555556 0.04739583333333333 0.14350000000000002
3 0.6841145833333333 0.4675925925925926 0.03802083333333333 0.14814814814814814
3 0.20364583333333333 0.5611111111111111 0.035416666666666666 0.18703703703703703
1 0.6330729166666667 0.4023148148148148 0.033854166666666664 0.17314814814814813
0 0.6432291666666666 0.3300925925925926 0.04895833333333333 0.11203703703703703