2 0.6440520833333333 0.2613888888888889 0.029895833333333333 0.11394444444444445
1 0.5069739583333334 0.32778703703703704 0.06617708333333333 0.12830555555555556
3 0.32980208333333333 0.3618796296296296 0.05888020833333333 0.16489814814814815
3 0.18630208333333334 0.46015740740740746 0.03984895833333334 0.15387962962962962
3 0.7701510416666667 0.4091296296296296 0.048130208333333334 0.1438796296296296
3 0.11243229166666667 0.36174074074074075 0.030411458333333332 0.14739814814814814
1 0.8767916666666667 0.35074074074074074 0.07378124999999999 0.13548148148148148
1 0.26629166666666665 0.40238888888888885 0.06765104166666666 0.1504537037037037
3 0.5726979166666666 0.42567592592592596 0.054953125000000005 0.17889814814814817
3 0.5441354166666666 0.2850833333333333 0.03896354166666667 0.12325925925925926
0 0.2739322916666667 0.31225 0.04334895833333333 0.10104629629629629
1 0.7455937499999999 0.36998148148148147 0.05334375 0.2375