3 0.3315208333333333 0.4171388888888889 0.06563541666666665 0.14664814814814825
1 0.5731406250000001 0.5065648148148149 0.06897916666666669 0.1609259259259259
1 0.23925520833333333 0.5342685185185185 0.10089062500000003 0.1649351851851853
2 0.9129114583333333 0.4991759259259259 0.04215104166666658 0.17287037037037042
1 0.4586145833333333 0.3494259259259259 0.08013541666666674 0.13517592592592592
3 0.26678645833333337 0.3962777777777778 0.04667708333333328 0.159175925925926
3 0.7937031250000001 0.30095370370370367 0.05366145833333344 0.1418333333333334
1 0.3230625 0.35150925925925924 0.07678125000000004 0.14659259259259252
0 0.5548854166666667 0.36600925925925926 0.06136979166666663 0.12484259259259263
3 0.10026041666666667 0.6097222222222223 0.050520833333333334 0.20833333333333334
3 0.284375 0.34444444444444444 0.035416666666666666 0.13333333333333333
3 0.5807291666666666 0.45 0.04791666666666667 0.15185185185185185