1 0.4281302083333333 0.4983796296296296 0.0603125 0.15401851851851853
3 0.188109375 0.3538425925925926 0.047796874999999996 0.15555555555555556
3 0.28778125 0.5734351851851851 0.06933854166666667 0.18228703703703705
1 0.36748958333333337 0.2874351851851852 0.08457291666666666 0.14052777777777778
1 0.6928802083333333 0.30983333333333335 0.08861458333333333 0.1270925925925926
1 0.461625 0.2616111111111111 0.07238020833333333 0.1445
0 0.791078125 0.2821111111111111 0.06772916666666666 0.15437962962962962
3 0.28134895833333334 0.3850925925925926 0.04444270833333333 0.14903703703703705
3 0.44646875 0.2532962962962963 0.04818229166666667 0.14180555555555557
1 0.19557291666666668 0.18194444444444444 0.06510416666666667 0.1287037037037037
3 0.7494791666666667 0.44305555555555554 0.042708333333333334 0.15833333333333333