2 0.19598958333333333 0.5570370370370371 0.030880208333333332 0.1496296296296296
3 0.805359375 0.4520648148148148 0.04507291666666667 0.10165740740740742
2 0.616046875 0.2939537037037037 0.027046875 0.07387037037037038
3 0.2749947916666667 0.4306111111111111 0.038260416666666665 0.09742592592592593
2 0.9860260416666667 0.7472962962962963 0.027947916666666666 0.17359259259259258
1 0.6342031250000001 0.35617592592592595 0.05404166666666667 0.11374999999999999
3 0.7514427083333334 0.4438333333333333 0.02616145833333333 0.12062962962962963
1 0.6957447916666666 0.4570462962962963 0.07267708333333332 0.12989814814814815
3 0.7225364583333334 0.4631574074074074 0.06190625 0.11287962962962962
3 0.4936979166666667 0.47226851851851853 0.041526041666666666 0.11397222222222222
1 0.6536614583333333 0.41898148148148145 0.039343750000000004 0.12432407407407409
3 0.6395833333333333 0.3439814814814815 0.020833333333333332 0.11018518518518519
3 0.66640625 0.3800925925925926 0.0265625 0.06018518518518518
3 0.5111979166666667 0.4625 0.027604166666666666 0.10833333333333334
3 0.43359375 0.4393518518518518 0.033854166666666664 0.11574074074074074
0 0.42265625 0.42916666666666664 0.024479166666666666 0.11944444444444445