3 0.33824479166666666 0.34091666666666665 0.05110416666666673 0.12512037037037035
3 0.26953645833333334 0.34361111111111114 0.030531249999999944 0.09659259259259254
1 0.23196354166666666 0.23174999999999998 0.041062500000000016 0.10317592592592593
3 0.23591145833333332 0.3349351851851852 0.04022916666666667 0.12111111111111107
1 0.44891666666666663 0.25375925925925924 0.041239583333333364 0.1217129629629629
3 0.5269479166666666 0.28230555555555553 0.03376041666666675 0.114
1 0.7434270833333334 0.20900000000000002 0.05629687500000007 0.10625925925925925
3 0.6463854166666666 0.2671851851851852 0.04693229166666673 0.11708333333333337
3 0.3709739583333333 0.1704074074074074 0.029098958333333275 0.10687037037037038
2 0.25066666666666665 0.42785185185185176 0.04473958333333338 0.12546296296296297
3 0.6414375 0.23925 0.026276041666666573 0.11491666666666668