2 0.71290625 0.2768148148148148 0.033406249999999936 0.15261111111111117
3 0.5778854166666666 0.5029629629629631 0.03855208333333333 0.15063888888888893
3 0.8915052083333334 0.5529444444444443 0.06057291666666676 0.19727777777777772
2 0.12916145833333334 0.505175925925926 0.04240624999999998 0.2326759259259259
3 0.4819322916666666 0.4608333333333333 0.04151562500000002 0.18831481481481482
3 0.21909895833333334 0.47426851851851853 0.05330729166666668 0.18462037037037024
1 0.5331302083333334 0.4542407407407407 0.07557812499999995 0.1383518518518518
3 0.9275416666666667 0.4152314814814814 0.04144270833333342 0.17034259259259263
3 0.30052083333333335 0.350462962962963 0.05 0.15648148148148147
3 0.9565104166666667 0.4060185185185185 0.08697916666666666 0.08055555555555556
1 0.428125 0.4351851851851852 0.06770833333333333 0.14074074074074075
1 0.34817708333333336 0.4101851851851852 0.03177083333333333 0.20185185185185187
0 0.37473958333333335 0.40879629629629627 0.03177083333333333 0.22870370370370371