1 0.6016302083333334 0.5677129629629629 0.061281249999999995 0.13569444444444445
3 0.6878645833333333 0.6174351851851853 0.04095833333333333 0.17508333333333334
2 0.9461562499999999 0.43776851851851856 0.030385416666666668 0.1457962962962963
1 0.40540625 0.3366018518518518 0.05134375 0.1209537037037037
3 0.182671875 0.573925925925926 0.055734375 0.14480555555555555
3 0.7350520833333333 0.3184259259259259 0.043359375 0.12743518518518518
3 0.113109375 0.3504074074074074 0.03628125 0.12614814814814815
3 0.01625 0.3241851851851852 0.03249479166666667 0.12891666666666665
2 0.43800520833333334 0.25207407407407406 0.028270833333333335 0.11675
1 0.22483854166666667 0.5130092592592592 0.06389583333333333 0.14824074074074073
1 0.6166250000000001 0.3726203703703704 0.06957291666666668 0.1302962962962963
3 0.3668385416666667 0.32971296296296293 0.04226041666666667 0.12728703703703703
3 0.5541510416666667 0.3256759259259259 0.042328125 0.11712037037037036
1 0.5364583333333334 0.3420740740740741 0.03009375 0.13065740740740742
0 0.646703125 0.36779629629629634 0.0491875 0.11419444444444445