0 0.09661458333333334 0.3388888888888889 0.1328125 0.3037037037037037
3 0.21770833333333334 0.1597222222222222 0.10729166666666666 0.3194444444444444
1 0.31796875 0.18888888888888888 0.13697916666666668 0.35185185185185186
3 0.48046875 0.1865740740740741 0.07447916666666667 0.3472222222222222
1 0.5463541666666667 0.586574074074074 0.38229166666666664 0.3731481481481482
1 0.8268229166666666 0.32546296296296295 0.17760416666666667 0.39351851851851855
3 0.9455729166666667 0.34120370370370373 0.10885416666666667 0.3990740740740741
3 0.20598958333333334 0.13472222222222222 0.13697916666666668 0.26944444444444443
3 0.4328125 0.4824074074074074 0.15 0.3592592592592593
2 0.5442708333333334 0.08796296296296297 0.06666666666666667 0.17592592592592593
3 0.61796875 0.5555555555555556 0.19010416666666666 0.34444444444444444