2 0.9577395833333333 0.7586018518518518 0.040718749999999915 0.19336111111111104
2 0.09383333333333334 0.5274166666666666 0.034593750000000006 0.15996296296296295
3 0.5027604166666666 0.4988981481481481 0.05570312500000003 0.13184259259259248
3 0.664125 0.4170925925925926 0.0349270833333333 0.14467592592592593
3 0.4401145833333333 0.4625925925925926 0.047713541666666616 0.13362962962962957
3 0.22948437500000002 0.44476851851851856 0.04220312499999999 0.14841666666666664
2 0.5162708333333333 0.2938425925925926 0.02841666666666664 0.0981944444444444
0 0.351828125 0.40375 0.049989583333333344 0.11445370370370371
1 0.6332604166666667 0.41610185185185183 0.028859374999999923 0.13028703703703706
1 0.720640625 0.447138888888889 0.04145312500000008 0.1400648148148148
1 0.44140625 0.35694444444444445 0.08072916666666667 0.12314814814814815
3 0.8479166666666667 0.4513888888888889 0.026041666666666668 0.1361111111111111
1 0.46796875 0.500462962962963 0.11614583333333334 0.125
3 0.5033854166666667 0.35138888888888886 0.0296875 0.13055555555555556
3 0.4205729166666667 0.33564814814814814 0.04010416666666667 0.13055555555555556