3 0.3028359375 0.5581527777777778 0.0704140625 0.12744444444444444
3 0.2150859375 0.6081805555555555 0.0652421875 0.14484722222222224
3 0.6358046875000001 0.5477083333333334 0.053468749999999995 0.1384027777777778
1 0.1783671875 0.46268055555555554 0.04478125 0.1358611111111111
3 0.5900390625 0.4487222222222222 0.05509375 0.13813888888888887
3 0.072984375 0.3579861111111111 0.03496875 0.12191666666666667
1 0.5050625 0.46243055555555557 0.0752734375 0.12968055555555555
0 0.2673125 0.4228611111111111 0.0435234375 0.12312500000000001
3 0.5520234375 0.40423611111111113 0.0465625 0.10995833333333334
3 0.8951953125 0.6373472222222222 0.0355546875 0.16291666666666665
2 0.5379921875 0.30065277777777777 0.0231484375 0.104625
1 0.5068359375 0.405 0.08397656249999999 0.11688888888888889
1 0.5971328125 0.44998611111111114 0.08340625 0.1235138888888889