2 0.7120520833333334 0.5140740740740741 0.04159895833333334 0.16245370370370368
2 0.3516822916666667 0.3446574074074074 0.03086458333333333 0.1408888888888889
1 0.2893177083333333 0.4725462962962963 0.12521354166666668 0.16417592592592592
1 0.5673958333333334 0.45358333333333334 0.07481770833333333 0.17253703703703704
0 0.4287604166666667 0.41303703703703704 0.024296875 0.1439814814814815
1 0.11583854166666667 0.45512037037037034 0.061546875 0.17355555555555555
3 0.2923958333333333 0.4695925925925926 0.03185416666666666 0.17200925925925928
3 0.31013541666666666 0.46475925925925926 0.045286458333333335 0.1701111111111111
1 0.449265625 0.4238240740740741 0.0393125 0.15667592592592594
3 0.62546875 0.4383333333333333 0.09107291666666667 0.060981481481481484
3 0.7159166666666666 0.4823148148148148 0.0476875 0.15635185185185185
3 0.26299479166666667 0.4219907407407407 0.05480729166666667 0.15076851851851852
3 0.12863020833333333 0.4225833333333333 0.043083333333333335 0.15914814814814815