1 0.5283020833333334 0.5303148148148148 0.09633854166666668 0.16496296296296303
3 0.13127083333333334 0.4795277777777778 0.061354166666666675 0.15237037037037032
3 0.27546354166666664 0.483 0.046671874999999946 0.14744444444444446
2 0.292046875 0.32437962962962963 0.03751562499999998 0.1438611111111111
1 0.42152083333333334 0.4476203703703704 0.05939062499999999 0.12628703703703703
1 0.025520833333333333 0.5319444444444444 0.051041666666666666 0.18425925925925926
3 0.6181614583333332 0.5182592592592593 0.06206249999999992 0.1736666666666666
0 0.519546875 0.4644444444444445 0.045010416666666705 0.14514814814814814
3 0.19588541666666667 0.39452777777777776 0.05764062499999998 0.14782407407407405
1 0.21990104166666666 0.478212962962963 0.033781250000000006 0.17238888888888895
2 0.6540208333333334 0.5686759259259259 0.03516666666666666 0.17599999999999993
3 0.44805208333333335 0.43186111111111114 0.06569791666666672 0.11125925925925922
3 0.24667708333333332 0.4804629629629629 0.04553125000000004 0.15264814814814806
3 0.1704635416666667 0.3389537037037037 0.043708333333333314 0.14025