3 0.540515625 0.7064722222222223 0.04600781250000008 0.17091666666666674
1 0.543875 0.4535416666666667 0.05513281249999995 0.15352777777777774
3 0.67740625 0.6297361111111112 0.06917968749999996 0.15574999999999997
1 0.42737499999999995 0.38331944444444443 0.061539062499999984 0.13013888888888894
2 0.6689609375 0.33916666666666667 0.03168749999999996 0.11037500000000004
3 0.429875 0.5635555555555556 0.04018750000000004 0.09037499999999991
3 0.3766171875 0.41418055555555555 0.03005468750000002 0.13469444444444448
1 0.6457734375 0.38681944444444444 0.02778124999999996 0.128125
1 0.5551015625 0.44915277777777773 0.03636718749999997 0.13972222222222225
3 0.8440468750000001 0.5698611111111112 0.03324999999999996 0.15856944444444437
3 0.42982812499999995 0.6148611111111111 0.03563281249999992 0.15762500000000002
3 0.46675781250000004 0.6120416666666667 0.061281250000000044 0.15001388888888886
0 0.5141796875 0.3608472222222222 0.046960937499999925 0.0781805555555555
2 0.410953125 0.3026388888888889 0.02800781249999993 0.07155555555555553
3 0.4738203125 0.5275416666666667 0.033203125 0.12188888888888888