3 0.6792447916666667 0.444712962962963 0.06956249999999997 0.2209722222222222
2 0.5771770833333334 0.5047407407407407 0.05673437499999991 0.22077777777777782
3 0.46963020833333335 0.4321388888888888 0.05494270833333334 0.20692592592592593
1 0.4740729166666667 0.48537962962962966 0.1045833333333333 0.2274351851851853
1 0.2594635416666667 0.5312129629629629 0.07090624999999999 0.2248055555555555
3 0.17573958333333334 0.48143518518518524 0.06917708333333336 0.23444444444444448
3 0.2642083333333333 0.429712962962963 0.059317708333333385 0.22917592592592592
1 0.31577083333333333 0.4426851851851852 0.05838541666666662 0.3143796296296296
3 0.6664322916666666 0.4378888888888889 0.0971041666666667 0.22516666666666663
1 0.3449375 0.5296944444444445 0.12817708333333327 0.22825925925925925
3 0.37782812499999996 0.4812685185185185 0.061557291666666694 0.27487962962962953
2 0.36828125 0.40023148148148147 0.03204687499999999 0.18873148148148142
0 0.4224479166666667 0.4806203703703704 0.05128645833333335 0.20419444444444443