1 0.5656666666666667 0.45555555555555555 0.08672916666666668 0.1713888888888889
3 0.27681770833333336 0.3798611111111111 0.06295833333333332 0.13049074074074074
2 0.4097864583333333 0.3006666666666667 0.03583854166666667 0.13762037037037037
2 0.7447708333333334 0.5426666666666667 0.038473958333333336 0.16732407407407407
0 0.6202083333333334 0.4430185185185185 0.05603645833333334 0.15439814814814815
3 0.17997916666666666 0.31025925925925923 0.04825 0.1371851851851852
3 0.407109375 0.5087962962962963 0.044734375 0.16617592592592592
1 0.195046875 0.44925925925925925 0.047906250000000004 0.17377777777777778
3 0.7166041666666667 0.3978055555555556 0.06470833333333333 0.14507407407407408
3 0.3657291666666667 0.40325925925925926 0.042744791666666664 0.1162037037037037
1 0.15534895833333331 0.5245000000000001 0.05363020833333333 0.18637037037037038
3 0.03280729166666667 0.4489814814814815 0.05140104166666667 0.16006481481481483
3 0.021614583333333333 0.5304722222222222 0.043229166666666666 0.20078703703703704
3 0.3954479166666667 0.4988518518518518 0.061385416666666665 0.14708333333333332
1 0.3885104166666667 0.40285185185185185 0.04624479166666667 0.14026851851851851