1 0.980421875 0.5350462962962963 0.0364010416666666 0.17738888888888882
2 0.6013645833333333 0.2997962962962963 0.029760416666666602 0.10564814814814817
2 0.115515625 0.5640740740740741 0.045546874999999994 0.16156481481481483
2 0.950171875 0.8500925925925926 0.04333333333333324 0.21860185185185177
3 0.44779166666666664 0.5929444444444444 0.04213541666666672 0.17320370370370367
1 0.6211666666666668 0.49854629629629627 0.0921197916666666 0.15851851851851856
1 0.7331770833333333 0.43044444444444446 0.06512499999999997 0.15160185185185188
0 0.41866145833333335 0.4320833333333333 0.03842187499999999 0.15168518518518512
1 0.6722239583333334 0.39346296296296296 0.03270833333333343 0.1530555555555556
3 0.2674375 0.4466851851851852 0.03790624999999999 0.14783333333333332
3 0.7879947916666666 0.4867407407407407 0.051374999999999935 0.1867222222222223
3 0.6966145833333334 0.36497222222222225 0.033854166666666664 0.1311759259259259
3 0.283421875 0.5733055555555555 0.051213541666666626 0.16203703703703703
3 0.22916666666666666 0.3780833333333333 0.048609375000000024 0.17284259259259255