2 0.6786875 0.37174074074074076 0.03224479166666667 0.11804629629629629
3 0.6335260416666666 0.530425925925926 0.03796354166666667 0.15467592592592594
1 0.7214479166666667 0.4759722222222222 0.053843749999999996 0.16075
3 0.5877135416666667 0.4049537037037037 0.03759375 0.13735185185185186
2 0.227796875 0.5364907407407407 0.03409375 0.15441666666666667
1 0.524171875 0.39921296296296294 0.05964583333333333 0.14276851851851852
1 0.8417916666666667 0.48328703703703707 0.049026041666666666 0.16027777777777777
3 0.22753125000000002 0.3677685185185185 0.04958333333333333 0.10933333333333334
0 0.49645833333333333 0.45873148148148146 0.03547395833333333 0.1396111111111111
3 0.3795885416666666 0.542212962962963 0.05503125 0.17669444444444446
1 0.812796875 0.5520648148148148 0.035932291666666664 0.16117592592592592
3 0.797390625 0.5018425925925926 0.05103125 0.17176851851851851
3 0.3453125 0.3972222222222222 0.053125 0.14814814814814814