1 0.5380729166666666 0.199037037037037 0.08141145833333331 0.19340740740740742
1 0.7076354166666667 0.5183148148148148 0.17332291666666677 0.26477777777777783
3 0.26476041666666666 0.20586111111111113 0.08611979166666668 0.17782407407407408
1 0.2037604166666667 0.05465740740740741 0.07957291666666665 0.10931481481481482
3 0.39930208333333334 0.32640740740740737 0.06769791666666668 0.22048148148148147
1 0.679015625 0.06177777777777778 0.07625000000000005 0.12355555555555556
3 0.32856250000000004 0.29155555555555557 0.07093750000000003 0.19637037037037042
3 0.8457083333333333 0.056388888888888884 0.03265104166666669 0.11277777777777777
1 0.724390625 0.061101851851851845 0.06029687499999999 0.12137962962962963
1 0.6470104166666667 0.26990740740740743 0.08166666666666676 0.17750925925925928
3 0.16354166666666667 0.05185185185185185 0.04479166666666667 0.1037037037037037
3 0.383640625 0.1816296296296296 0.05115104166666669 0.1458888888888889
1 0.9463281250000001 0.7388518518518519 0.10734374999999995 0.3462037037037038
0 0.5765625 0.8027777777777778 0.10625 0.39444444444444443
3 0.8719635416666667 0.047842592592592596 0.04079687499999996 0.09567592592592594