3 0.6421979166666667 0.2801111111111111 0.11120833333333334 0.17846296296296296
3 0.6858125 0.25751851851851854 0.058755208333333336 0.1814814814814815
3 0.1996875 0.38078703703703703 0.08545833333333334 0.16691666666666669
1 0.22807812500000002 0.33502777777777776 0.113109375 0.17675
1 0.30156770833333335 0.20670370370370372 0.08836979166666666 0.1521111111111111
3 0.6409739583333334 0.6545833333333334 0.077578125 0.30905555555555553
3 0.27307812499999995 0.17869444444444446 0.05730729166666667 0.1668148148148148
1 0.8051875000000001 0.35837962962962966 0.10531249999999999 0.1907962962962963
3 0.879171875 0.31977777777777777 0.037671875 0.19140740740740741
0 0.6302968750000001 0.45187962962962963 0.059171875 0.2063148148148148
3 0.8471354166666667 0.30833333333333335 0.028645833333333332 0.20185185185185187