3 0.1662890625 0.5891388888888889 0.0496953125 0.14194444444444446
3 0.2522109375 0.5606805555555555 0.048117187500000005 0.1312361111111111
1 0.1797578125 0.44290277777777776 0.046375 0.12984722222222222
3 0.081671875 0.3531944444444445 0.0421796875 0.11476388888888889
1 0.5354375 0.45805555555555555 0.074359375 0.12754166666666666
3 0.985890625 0.42122222222222216 0.028226562500000003 0.12584722222222222
1 0.63734375 0.4467638888888889 0.0473203125 0.121875
0 0.2836171875 0.42483333333333334 0.0394765625 0.11415277777777777
1 0.5437734375 0.4064305555555556 0.0573359375 0.11908333333333333
3 0.6477109375000001 0.5638888888888889 0.0549921875 0.1492777777777778
3 0.584796875 0.4041944444444444 0.027187499999999996 0.12197222222222222
3 0.6042578125 0.4490833333333333 0.0472109375 0.1341388888888889
3 0.9059843750000001 0.6444583333333334 0.0348125 0.16325
2 0.542546875 0.3099166666666667 0.024453125 0.10330555555555555