3 0.6210572916666667 0.6930925925925926 0.06802604166666673 0.2055092592592593
1 0.10841145833333334 0.4114722222222222 0.09261979166666666 0.1455740740740741
2 0.6126510416666666 0.20463888888888887 0.031348958333333364 0.1132592592592592
0 0.21597395833333335 0.37783333333333335 0.04196875000000002 0.1613240740740741
3 0.7656666666666666 0.42000000000000004 0.05139062500000004 0.17175925925925925
3 0.3071770833333333 0.3098240740740741 0.05066666666666665 0.12952777777777777
3 0.92225 0.3425462962962963 0.03953645833333326 0.1516111111111111
1 0.3827447916666667 0.297537037037037 0.04070312500000005 0.1276018518518519
1 0.7025052083333333 0.24350925925925926 0.10663541666666655 0.11154629629629632
3 0.4281197916666667 0.5498055555555555 0.0334322916666667 0.17654629629629637
1 0.8225572916666667 0.3488425925925926 0.08401041666666677 0.1359074074074074
3 0.6605885416666666 0.22685185185185186 0.0555572916666667 0.09876851851851848