1 0.734515625 0.4379722222222222 0.06144270833333333 0.16101851851851853
2 0.5997135416666667 0.7003148148148148 0.04426041666666667 0.19324074074074074
2 0.22634895833333332 0.22181481481481483 0.026786458333333332 0.10100925925925926
3 0.17530729166666664 0.500212962962963 0.061609375 0.22532407407407407
1 0.4604479166666666 0.34925 0.07980208333333333 0.15039814814814814
3 0.6757552083333334 0.32731481481481484 0.05038541666666666 0.14500925925925928
3 0.8614114583333333 0.4588148148148148 0.03715625 0.1618425925925926
3 0.375140625 0.45591666666666664 0.045723958333333335 0.12971296296296297
3 0.43080729166666665 0.44637037037037036 0.0699375 0.13521296296296295
0 0.07985937500000001 0.3672870370370371 0.057291666666666664 0.1388888888888889
3 0.3641510416666666 0.3587962962962963 0.04774479166666667 0.0941388888888889
3 0.3502604166666667 0.4544722222222222 0.033854166666666664 0.12191666666666666
3 0.39401041666666664 0.3912037037037037 0.034895833333333334 0.13796296296296295