1 0.6796770833333333 0.39275925925925925 0.09111458333333333 0.15175
2 0.783578125 0.2200925925925926 0.022708333333333334 0.12655555555555556
3 0.027536458333333333 0.2958055555555556 0.05506770833333333 0.15049074074074073
0 0.4570625 0.37010185185185185 0.037375000000000005 0.12305555555555556
3 0.652953125 0.5979537037037037 0.04834895833333333 0.18525925925925926
1 0.8670729166666666 0.4109166666666667 0.08419270833333334 0.1739166666666667
2 0.15827083333333333 0.5043703703703704 0.031526041666666664 0.17605555555555555
3 0.6794895833333333 0.4656851851851852 0.04396875 0.15706481481481482
3 0.8078125 0.4536111111111111 0.042505208333333336 0.1546111111111111
1 0.5315572916666667 0.4195833333333333 0.08296875000000001 0.15005555555555555
1 0.7750520833333333 0.4509722222222222 0.062010416666666665 0.14127777777777778
3 0.20128645833333333 0.35367592592592595 0.07247916666666666 0.14774074074074076
3 0.521875 0.36157407407407405 0.059375 0.11018518518518519
3 0.53125 0.3453703703703704 0.05625 0.07592592592592592