2 0.375765625 0.2730740740740741 0.028541666666666667 0.14662037037037037
1 0.045182291666666666 0.4119537037037037 0.06205729166666667 0.15371296296296297
2 0.7064166666666666 0.5537962962962963 0.04559375 0.17610185185185184
1 0.08916145833333333 0.5006851851851852 0.07806249999999999 0.1713888888888889
3 0.5831979166666666 0.47674074074074074 0.1210625 0.14222222222222222
3 0.358640625 0.44165740740740744 0.06957291666666668 0.12669444444444444
1 0.4933802083333333 0.35003703703703704 0.07428645833333333 0.21187037037037038
3 0.6718229166666667 0.48712962962962963 0.06022916666666667 0.1678703703703704
0 0.5811979166666668 0.45733333333333337 0.13079166666666667 0.08256481481481481
3 0.502734375 0.38757407407407407 0.04678645833333333 0.16156481481481483
3 0.411078125 0.4506759259259259 0.07194270833333333 0.1288888888888889
1 0.3385104166666667 0.4321759259259259 0.06000520833333333 0.17114814814814816