1 0.5896328125 0.514625 0.06131250000000001 0.29204166666666664
3 0.5476015624999999 0.7468333333333333 0.06525781249999998 0.2939166666666665
1 0.0473515625 0.53275 0.094703125 0.2855972222222222
3 0.025023437500000002 0.36452777777777773 0.050046875000000005 0.23073611111111111
0 0.3164921875 0.5031111111111112 0.1335 0.23512499999999995
1 0.463359375 0.38840277777777776 0.07517968750000001 0.1300833333333333
3 0.3947734375 0.39291666666666664 0.06981250000000001 0.23874999999999996
1 0.47983593750000003 0.5954583333333333 0.09235156250000003 0.2936944444444445
3 0.8120859375 0.659375 0.0979375000000001 0.30383333333333334
2 0.667140625 0.2974305555555556 0.050765625000000016 0.23719444444444449
3 0.44545312499999995 0.5139861111111111 0.05124999999999993 0.2793055555555556