1 0.72096875 0.4575277777777778 0.10035156249999999 0.12765277777777778
3 0.0487421875 0.35755555555555557 0.0533046875 0.13770833333333335
3 0.9471171875 0.6088749999999999 0.0452109375 0.17641666666666667
3 0.5888046874999999 0.46263888888888893 0.05384375 0.16404166666666667
1 0.49251562499999996 0.47473611111111114 0.1191953125 0.14080555555555554
1 0.466 0.4041944444444444 0.07028124999999999 0.13934722222222223
3 0.5213281249999999 0.39384722222222224 0.050335937500000004 0.14004166666666668
3 0.3253828125 0.5839444444444445 0.050749999999999997 0.14240277777777777
3 0.6669375 0.5641527777777777 0.056265625 0.16224999999999998
3 0.2721640625 0.598875 0.0548359375 0.13193055555555555
2 0.58009375 0.2872222222222222 0.031117187499999997 0.12695833333333334
0 0.269140625 0.42268055555555556 0.047328125 0.1411388888888889
1 0.1759453125 0.4688333333333333 0.0646796875 0.15130555555555555