2 0.748265625 0.4976851851851852 0.036458333333333336 0.16203703703703703
2 0.357640625 0.33487962962962964 0.03125 0.14506481481481479
1 0.5056406250000001 0.38657407407407407 0.04079687499999996 0.2638888888888889
1 0.23046875 0.4050925925925926 0.14496354166666664 0.14969444444444452
3 0.1332447916666667 0.46219444444444446 0.0546875 0.15586111111111114
3 0.014322916666666666 0.5239166666666667 0.028645833333333332 0.17437962962962955
3 0.130640625 0.44675925925925924 0.0546875 0.1651203703703703
3 0.2920989583333334 0.38580555555555557 0.058161458333333374 0.17284259259259255
3 0.322046875 0.49845370370370373 0.046875 0.1574074074074074
3 0.3589427083333333 0.4791666666666667 0.059895833333333336 0.14969444444444452
3 0.697484375 0.41898148148148145 0.0390625 0.1466018518518518
0 0.541234375 0.43287037037037035 0.0321197916666667 0.15586111111111103
1 0.3832447916666667 0.5100277777777779 0.09982812500000003 0.14351851851851852
1 0.368921875 0.4776203703703704 0.06076562500000004 0.1466018518518518