0 0.343796875 0.44580555555555557 0.05017708333333329 0.18098148148148152
2 0.7281197916666666 0.29050000000000004 0.039864583333333314 0.14511111111111114
3 0.7850989583333334 0.5386018518518519 0.05223958333333343 0.1696481481481482
1 0.20936458333333335 0.49761111111111106 0.06163020833333335 0.1933148148148148
1 0.4251302083333333 0.432 0.03795312499999994 0.16787962962962968
2 0.059557291666666665 0.5012592592592593 0.038078125000000004 0.2386203703703704
3 0.4826197916666667 0.5202314814814815 0.06898437500000003 0.19092592592592597
3 0.9444010416666667 0.3761203703703703 0.0706354166666666 0.1399166666666667
3 0.28184895833333334 0.5445925925925925 0.0588229166666667 0.18285185185185188
3 0.48385416666666664 0.39305555555555555 0.053125 0.15092592592592594
1 0.28072916666666664 0.4777777777777778 0.08229166666666667 0.1537037037037037