3 0.8952239583333333 0.5175092592592593 0.058979166666666666 0.28464814814814815
3 0.796078125 0.364287037037037 0.094828125 0.20011111111111113
3 0.13950520833333335 0.24588888888888888 0.06583854166666667 0.1898425925925926
3 0.23456770833333335 0.035388888888888886 0.05516145833333333 0.07077777777777777
1 0.41921875 0.4313888888888889 0.170765625 0.24935185185185185
3 0.08877604166666667 0.041611111111111106 0.025828125 0.08323148148148148
3 0.44690624999999995 0.3751203703703704 0.08888020833333334 0.17042592592592593
3 0.5536458333333333 0.31562962962962965 0.041859375000000004 0.15456481481481482
3 0.28516145833333334 0.5087592592592592 0.059708333333333335 0.26866666666666666
3 0.33671875 0.5560185185185185 0.0546875 0.25462962962962965
3 0.5325520833333334 0.4060185185185185 0.059895833333333336 0.19907407407407407
0 0.5778645833333333 0.4962962962962963 0.0828125 0.20185185185185187