2 0.30580729166666665 0.3205 0.032890625 0.15644444444444444
2 0.681015625 0.45343518518518516 0.037187500000000005 0.16149074074074074
3 0.232015625 0.4943148148148148 0.04590104166666666 0.18512037037037038
3 0.09827083333333334 0.4622037037037037 0.06601041666666667 0.18710185185185185
1 0.44490625 0.4349074074074074 0.05834895833333333 0.16550925925925927
1 0.48514583333333333 0.5044444444444444 0.05530729166666667 0.17239814814814813
3 0.4650520833333333 0.33117592592592593 0.05105208333333333 0.13449999999999998
3 0.16959895833333333 0.47883333333333333 0.06888541666666666 0.18752777777777777
3 0.1564947916666667 0.379537037037037 0.060281249999999995 0.11325925925925925
0 0.4379322916666667 0.4243796296296296 0.033854166666666664 0.15432407407407406
1 0.2760416666666667 0.3827129629629629 0.07118229166666666 0.1574074074074074
3 0.20616145833333333 0.4228425925925926 0.04774479166666667 0.18826851851851853
3 0.2513020833333333 0.3410462962962963 0.044270833333333336 0.1111111111111111