2 0.9577395833333333 0.7586018518518518 0.040718750000000005 0.19336111111111112
2 0.09383333333333334 0.5274166666666666 0.03459375 0.15996296296296295
3 0.5027604166666666 0.4988981481481481 0.055703125 0.13184259259259257
3 0.664125 0.41709259259259257 0.03492708333333334 0.14467592592592593
3 0.4401145833333333 0.4625925925925926 0.047713541666666665 0.13362962962962963
3 0.22948437500000002 0.44476851851851856 0.042203125 0.14841666666666667
2 0.5162708333333333 0.2938425925925926 0.028416666666666666 0.09819444444444445
0 0.351828125 0.40375 0.04998958333333334 0.1144537037037037
1 0.6332604166666667 0.41610185185185183 0.028859375 0.13028703703703703
1 0.720640625 0.4471388888888889 0.041453125 0.14006481481481484
1 0.44140625 0.35694444444444445 0.08072916666666667 0.12314814814814815
3 0.8479166666666667 0.4513888888888889 0.026041666666666668 0.1361111111111111
1 0.46796875 0.500462962962963 0.11614583333333334 0.125
3 0.5033854166666667 0.35138888888888886 0.0296875 0.13055555555555556
3 0.4205729166666667 0.33564814814814814 0.04010416666666667 0.13055555555555556