3 0.42035156249999994 0.6504166666666666 0.07146093750000002 0.16752777777777778
3 0.6719999999999999 0.8328194444444444 0.06704687499999995 0.19094444444444447
3 0.33753125 0.6706944444444444 0.04650781249999998 0.15612500000000012
3 0.571484375 0.4180138888888889 0.035484375000000054 0.1056805555555556
3 0.3893515625 0.3110277777777778 0.04803125000000001 0.11762499999999992
3 0.4793671875 0.5859166666666666 0.0498046875 0.1578472222222222
1 0.4644453125 0.4060416666666667 0.06944531250000008 0.1404166666666667
1 0.6091953125 0.463625 0.054421875000000064 0.13197222222222219
1 0.6693984375 0.40368055555555554 0.03707812500000003 0.13805555555555551
2 0.31925781249999996 0.39558333333333334 0.02764843749999999 0.11986111111111104
2 0.7605390625 0.29801388888888886 0.02739843749999995 0.11123611111111116
3 0.7549609375 0.6880972222222222 0.041796875 0.15820833333333328
1 0.5566875 0.4962638888888889 0.072265625 0.12915277777777778
0 0.508328125 0.3863055555555555 0.04324218749999993 0.0693194444444444