2 0.375765625 0.2730740740740741 0.028541666666666642 0.1466203703703704
1 0.045182291666666666 0.41195370370370366 0.06205729166666665 0.15371296296296297
2 0.7064166666666666 0.5537962962962963 0.04559374999999998 0.1761018518518519
1 0.08916145833333333 0.5006851851851852 0.07806249999999999 0.1713888888888888
3 0.5831979166666666 0.47674074074074074 0.12106250000000003 0.14222222222222214
3 0.358640625 0.44165740740740744 0.06957291666666662 0.1266944444444444
1 0.4933802083333333 0.35003703703703704 0.07428645833333339 0.2118703703703704
3 0.6718229166666667 0.48712962962962963 0.0602291666666666 0.16787037037037034
0 0.5811979166666668 0.45733333333333337 0.1307916666666666 0.08256481481481477
3 0.502734375 0.38757407407407407 0.046786458333333295 0.16156481481481483
3 0.411078125 0.4506759259259259 0.0719427083333334 0.12888888888888894
1 0.3385104166666667 0.4321759259259259 0.06000520833333335 0.17114814814814808