2 0.750484375 0.43913888888888886 0.06352604166666656 0.1963703703703703
3 0.046046875 0.33675925925925926 0.04736979166666666 0.1869074074074074
1 0.33705729166666665 0.46066666666666667 0.09732812500000006 0.199962962962963
1 0.48820833333333336 0.5331574074074074 0.12058854166666665 0.2271481481481481
0 0.44257291666666665 0.42449074074074067 0.08055208333333337 0.12475000000000001
3 0.49985416666666665 0.43474999999999997 0.04330729166666671 0.21381481481481487
3 0.31223958333333335 0.33935185185185185 0.0484375 0.2212962962962963
3 0.77265625 0.324537037037037 0.05260416666666667 0.18425925925925926
1 0.4591145833333333 0.35648148148148145 0.043229166666666666 0.15
3 0.35052083333333334 0.4152777777777778 0.0625 0.18425925925925926
1 0.3390625 0.30648148148148147 0.065625 0.1111111111111111