3 0.7004635416666667 0.5888518518518518 0.137640625 0.3349074074074074
1 0.20259895833333333 0.6303240740740741 0.12730729166666668 0.35053703703703704
3 0.5625312499999999 0.3824259259259259 0.09232812500000001 0.2802222222222222
3 0.3606979166666667 0.4527685185185185 0.13177083333333334 0.30869444444444444
1 0.6543281249999999 0.564675925925926 0.13189583333333335 0.25475925925925924
0 0.4769583333333333 0.6352592592592593 0.12871875 0.34862037037037036
3 0.6042864583333334 0.2925 0.06030729166666667 0.24920370370370368
1 0.511671875 0.32306481481481486 0.08861979166666667 0.23625000000000002
3 0.5151458333333333 0.39575925925925926 0.07611979166666667 0.2723888888888889
3 0.29172916666666665 0.5050370370370371 0.10126041666666666 0.30574999999999997
3 0.241640625 0.48111111111111116 0.062098958333333336 0.3042037037037037
1 0.19997395833333334 0.5051851851851852 0.1016875 0.2844537037037037