2 0.7120520833333334 0.5140740740740741 0.041598958333333276 0.16245370370370374
2 0.3516822916666667 0.3446574074074074 0.030864583333333327 0.14088888888888887
1 0.2893177083333333 0.4725462962962963 0.1252135416666667 0.16417592592592586
1 0.5673958333333334 0.45358333333333334 0.07481770833333339 0.17253703703703696
0 0.4287604166666667 0.413037037037037 0.024296875000000048 0.1439814814814815
1 0.11583854166666667 0.45512037037037034 0.06154687500000001 0.1735555555555556
3 0.2923958333333333 0.4695925925925927 0.03185416666666671 0.17200925925925925
3 0.31013541666666666 0.4647592592592592 0.045286458333333356 0.17011111111111113
1 0.449265625 0.4238240740740741 0.03931250000000001 0.15667592592592597
3 0.62546875 0.4383333333333333 0.09107291666666674 0.06098148148148149
3 0.7159166666666666 0.4823148148148148 0.04768749999999997 0.15635185185185177
3 0.2629947916666666 0.4219907407407407 0.054807291666666674 0.15076851851851844
3 0.12863020833333333 0.4225833333333333 0.04308333333333332 0.15914814814814804