3 0.11432812499999999 0.4912222222222222 0.052468749999999995 0.1723611111111111
2 0.9570364583333333 0.29874074074074075 0.025229166666666667 0.10595370370370372
3 0.20301041666666667 0.48762037037037037 0.03791666666666667 0.15797222222222224
3 0.4066354166666667 0.23344444444444445 0.021796875 0.08183333333333333
1 0.4630208333333333 0.23426851851851851 0.04652083333333333 0.07993518518518518
2 0.213703125 0.2647962962962963 0.024625 0.08806481481481482
1 0.6304322916666667 0.22712037037037036 0.027567708333333333 0.08546296296296296
3 0.7027083333333334 0.613537037037037 0.061843749999999996 0.16755555555555557
3 0.4155416666666667 0.4295462962962963 0.028796875 0.13802777777777778
3 0.6557916666666667 0.23181481481481483 0.024723958333333334 0.07751851851851851
1 0.5815572916666666 0.4064537037037037 0.04740625 0.1461574074074074
3 0.6622395833333333 0.1550925925925926 0.011979166666666667 0.05648148148148148
1 0.6291666666666667 0.15787037037037038 0.011458333333333333 0.05648148148148148
0 0.6119791666666666 0.15833333333333333 0.017708333333333333 0.05740740740740741
3 0.68984375 0.4689814814814815 0.0328125 0.12685185185185185
3 0.6760416666666667 0.4356481481481482 0.06145833333333333 0.19166666666666668
0 0.6177083333333333 0.5013888888888889 0.03958333333333333 0.16574074074074074
1 0.6651041666666667 0.49074074074074076 0.09479166666666666 0.1388888888888889
1 0.48411458333333335 0.4027777777777778 0.06822916666666666 0.12407407407407407
3 0.5489583333333333 0.4097222222222222 0.0375 0.13055555555555556
1 0.45364583333333336 0.4393518518518518 0.065625 0.14166666666666666