2 0.6440520833333333 0.2613888888888889 0.029895833333333382 0.1139444444444445
1 0.5069739583333334 0.32778703703703704 0.0661770833333333 0.1283055555555555
3 0.32980208333333333 0.3618796296296296 0.05888020833333331 0.16489814814814818
3 0.18630208333333334 0.46015740740740746 0.03984895833333333 0.15387962962962967
3 0.7701510416666667 0.4091296296296296 0.04813020833333326 0.14387962962962972
3 0.11243229166666667 0.36174074074074075 0.030411458333333325 0.14739814814814808
1 0.8767916666666667 0.35074074074074074 0.07378124999999992 0.13548148148148154
1 0.26629166666666665 0.4023888888888889 0.0676510416666666 0.1504537037037037
3 0.5726979166666666 0.42567592592592596 0.054953125000000116 0.1788981481481482
3 0.5441354166666666 0.2850833333333333 0.038963541666666636 0.12325925925925926
0 0.2739322916666667 0.31225 0.04334895833333334 0.10104629629629629
1 0.7455937499999999 0.3699814814814814 0.05334375000000004 0.2375