2 0.750484375 0.43913888888888886 0.06352604166666667 0.1963703703703704
3 0.046046875 0.33675925925925926 0.04736979166666667 0.1869074074074074
1 0.33705729166666665 0.46066666666666667 0.097328125 0.19996296296296298
1 0.48820833333333336 0.5331574074074074 0.12058854166666667 0.22714814814814815
0 0.44257291666666665 0.4244907407407407 0.08055208333333333 0.12474999999999999
3 0.49985416666666665 0.43474999999999997 0.04330729166666667 0.2138148148148148
3 0.31223958333333335 0.33935185185185185 0.0484375 0.2212962962962963
3 0.77265625 0.324537037037037 0.05260416666666667 0.18425925925925926
1 0.4591145833333333 0.35648148148148145 0.043229166666666666 0.15
3 0.35052083333333334 0.4152777777777778 0.0625 0.18425925925925926
1 0.3390625 0.30648148148148147 0.065625 0.1111111111111111