1 0.6796770833333333 0.39275925925925925 0.09111458333333336 0.15175
2 0.783578125 0.2200925925925926 0.022708333333333285 0.1265555555555555
3 0.027536458333333333 0.2958055555555556 0.05506770833333333 0.1504907407407407
0 0.4570625 0.37010185185185185 0.037375 0.12305555555555553
3 0.652953125 0.5979537037037037 0.048348958333333296 0.18525925925925918
1 0.8670729166666666 0.4109166666666667 0.08419270833333338 0.1739166666666667
2 0.15827083333333333 0.5043703703703704 0.03152604166666665 0.17605555555555544
3 0.6794895833333333 0.4656851851851852 0.043968750000000036 0.15706481481481482
3 0.8078125 0.4536111111111111 0.0425052083333334 0.15461111111111112
1 0.5315572916666667 0.4195833333333333 0.08296874999999998 0.1500555555555555
1 0.7750520833333333 0.4509722222222222 0.06201041666666664 0.1412777777777778
3 0.20128645833333333 0.35367592592592595 0.07247916666666665 0.1477407407407407
3 0.521875 0.36157407407407405 0.059375 0.11018518518518519
3 0.53125 0.3453703703703704 0.05625 0.07592592592592592