3 0.27703125 0.4844166666666666 0.05034375 0.11391666666666667
1 0.6326484375 0.403125 0.081984375 0.12533333333333332
3 0.8144921875 0.5213888888888889 0.0365546875 0.13581944444444446
3 0.528296875 0.36277777777777775 0.038351562500000005 0.1277361111111111
3 0.075625 0.7462083333333334 0.0597421875 0.18306944444444445
1 0.300453125 0.2943888888888889 0.05696875 0.11980555555555557
1 0.5 0.33045833333333335 0.0387265625 0.120875
2 0.5885859375 0.1878611111111111 0.029679687500000003 0.10509722222222223
0 0.2124921875 0.31290277777777775 0.0373359375 0.12513888888888888
3 0.081640625 0.23451388888888888 0.028984375 0.12709722222222222
3 0.42229687499999996 0.4355972222222222 0.03284375 0.13244444444444445
3 0.8062890625 0.41740277777777773 0.045242187499999996 0.13177777777777777
3 0.8493515625000001 0.573 0.05278125 0.1423611111111111
1 0.4405234375 0.506375 0.0826875 0.13511111111111113