3 0.08109374999999999 0.5901018518518518 0.08371354166666668 0.20025925925925922
1 0.6741302083333333 0.5172407407407408 0.09780729166666664 0.18850925925925918
2 0.6626145833333333 0.3407962962962963 0.029562500000000113 0.13696296296296293
3 0.8025520833333334 0.7398425925925926 0.04599479166666664 0.21659259259259267
2 0.289875 0.48876851851851855 0.03326041666666661 0.17592592592592593
3 0.5747760416666666 0.5948425925925925 0.048744791666666745 0.18982407407407406
3 0.9113645833333333 0.5718888888888889 0.07448437499999988 0.1840277777777778
3 0.3679479166666667 0.4611018518518519 0.047817708333333306 0.17816666666666672
3 0.7810364583333332 0.4373240740740741 0.03676041666666663 0.16374074074074077
1 0.754453125 0.39623148148148146 0.07170833333333325 0.16963888888888892
1 0.8173854166666668 0.4371851851851853 0.04354166666666662 0.1900833333333333
0 0.5095208333333333 0.45109259259259266 0.0292604166666667 0.16620370370370371
3 0.49619270833333334 0.3395 0.05428645833333334 0.22124999999999995