3 0.47178125000000004 0.5880092592592592 0.06310937500000004 0.14730555555555547
1 0.5934270833333334 0.4490092592592592 0.034421875000000074 0.12450000000000003
3 0.8463489583333333 0.6960185185185186 0.05009895833333336 0.18902777777777785
3 0.68825 0.5257222222222222 0.05060937500000004 0.15808333333333335
3 0.8860885416666666 0.43842592592592594 0.037020833333333295 0.1480648148148149
3 0.7006822916666666 0.4646851851851852 0.04422395833333326 0.11746296296296287
3 0.42400000000000004 0.5221388888888888 0.05688541666666668 0.14075
1 0.5389375 0.5193425925925926 0.05488541666666672 0.1453240740740741
0 0.485546875 0.4809444444444444 0.0436614583333333 0.10201851851851858
2 0.2895520833333334 0.5394444444444445 0.043343750000000014 0.13197222222222219
3 0.90990625 0.4605740740740741 0.026760416666666724 0.15387037037037032
1 0.5489999999999999 0.45455555555555555 0.07265104166666655 0.14182407407407405
3 0.6627083333333333 0.5014722222222222 0.03270312499999998 0.15418518518518518
3 0.674859375 0.42537962962962966 0.020895833333333277 0.08532407407407405