3 0.7774739583333333 0.6697777777777778 0.12232291666666667 0.2530925925925926
1 0.3621979166666666 0.5141666666666667 0.07246354166666666 0.23207407407407407
3 0.8985729166666666 0.4144907407407407 0.05502604166666667 0.19753703703703704
1 0.7898229166666667 0.08109259259259259 0.04826041666666667 0.08564814814814815
3 0.236890625 0.4895462962962963 0.06583854166666667 0.1920925925925926
1 0.8023854166666666 0.48072222222222216 0.050640625 0.20120370370370372
3 0.755203125 0.3652962962962963 0.034484375 0.16542592592592592
3 0.8468854166666666 0.08675925925925926 0.0206875 0.07832407407407407
3 0.22553125 0.3718888888888889 0.05815104166666667 0.14137037037037037
3 0.970921875 0.41698148148148145 0.05815625 0.1703148148148148
1 0.4205416666666667 0.11377777777777777 0.05173958333333333 0.09480555555555556
3 0.3689635416666667 0.11454629629629628 0.028088541666666668 0.09196296296296295
1 0.5335885416666667 0.06647222222222222 0.03952083333333333 0.0825462962962963
3 0.8532447916666667 0.4616851851851852 0.055609374999999996 0.1747314814814815
3 0.501890625 0.06567592592592593 0.018005208333333335 0.07679629629629629
1 0.15328645833333335 0.48545370370370367 0.12723958333333335 0.1617222222222222
0 0.6206614583333334 0.061731481481481484 0.024307291666666668 0.07715740740740741
1 0.13932291666666666 0.44212962962962965 0.07899479166666666 0.21450925925925926
0 0.5329843750000001 0.5493796296296297 0.060765625000000004 0.21604629629629632
3 0.767296875 0.34790740740740744 0.042578125 0.15075