3 0.1662890625 0.5891388888888889 0.04969531250000001 0.1419444444444445
3 0.2522109375 0.5606805555555555 0.048117187500000026 0.13123611111111114
1 0.17975781249999997 0.44290277777777776 0.04637500000000001 0.12984722222222222
3 0.08167187499999999 0.3531944444444445 0.04217968750000001 0.11476388888888889
1 0.5354375 0.45805555555555555 0.07435937500000005 0.12754166666666672
3 0.985546875 0.4201388888888889 0.02890625 0.12638888888888888
1 0.63734375 0.4467638888888889 0.04732031249999995 0.121875
0 0.2836171875 0.42483333333333334 0.03947656249999998 0.11415277777777785
1 0.5437734375 0.4064305555555556 0.05733593750000008 0.11908333333333335
3 0.6477109375000001 0.5638888888888889 0.05499218750000008 0.14927777777777781
3 0.584796875 0.4041944444444444 0.027187499999999965 0.12197222222222213
3 0.6042578125 0.4490833333333333 0.04721093750000005 0.13413888888888895
3 0.9059843750000001 0.6444583333333334 0.034812499999999955 0.16324999999999995
2 0.542546875 0.3099166666666667 0.024453124999999964 0.10330555555555555