3 0.03758854166666667 0.5405740740740741 0.05791145833333333 0.19816666666666669
2 0.7471458333333333 0.5589074074074074 0.05449479166666667 0.17233333333333334
3 0.7941145833333334 0.4474444444444445 0.055609374999999996 0.16116666666666668
3 0.10927083333333334 0.45178703703703704 0.03496354166666667 0.15622222222222223
1 0.6169635416666667 0.4704351851851852 0.090359375 0.1618148148148148
1 0.433671875 0.43175 0.0945 0.12862037037037036
3 0.3860364583333334 0.48830555555555555 0.03772916666666667 0.16694444444444445
2 0.3963229166666667 0.3115 0.028489583333333336 0.1366203703703704
1 0.18481770833333336 0.457212962962963 0.113953125 0.14629629629629629
3 0.42260416666666667 0.4883703703703704 0.056276041666666665 0.16526851851851854
1 0.14825 0.5415833333333333 0.06634895833333333 0.1748611111111111
0 0.6202604166666668 0.46055555555555555 0.03482291666666667 0.13135185185185186
3 0.250671875 0.3809166666666667 0.053171875 0.14249074074074072
3 0.22106770833333333 0.3005185185185185 0.047 0.09610185185185185
3 0.40378125 0.3959074074074074 0.02805208333333333 0.11897222222222223