2 0.11441145833333333 0.5382407407407407 0.03552604166666666 0.18637037037037038
3 0.2279375 0.3404537037037037 0.066140625 0.14510185185185187
2 0.8119583333333333 0.2365833333333333 0.030348958333333335 0.12712962962962965
3 0.8846145833333333 0.5045555555555555 0.047 0.1654074074074074
0 0.41274479166666667 0.38382407407407404 0.03872395833333333 0.15498148148148147
1 0.5926979166666667 0.46225925925925926 0.07902083333333333 0.16287962962962962
1 0.81665625 0.3856759259259259 0.07140624999999999 0.15798148148148147
3 0.7077708333333333 0.5013425925925926 0.03686458333333333 0.15836111111111112
3 0.8637239583333333 0.5754351851851852 0.061703125 0.18962962962962965
3 0.17693229166666666 0.3165185185185185 0.04884375 0.14752777777777779
1 0.69678125 0.4331111111111111 0.07193229166666668 0.1630185185185185
3 0.6750208333333333 0.31421296296296297 0.031177083333333334 0.11436111111111112
3 0.70078125 0.30787037037037035 0.0390625 0.12129629629629629