0 0.43630208333333337 0.36949074074074073 0.03678645833333339 0.1366666666666667
3 0.8605520833333333 0.6719814814814815 0.04552604166666659 0.22674999999999987
2 0.20039583333333333 0.4947407407407408 0.03724479166666666 0.169074074074074
1 0.5287916666666667 0.3366018518518518 0.03541145833333322 0.13708333333333328
2 0.7623593750000001 0.22570370370370368 0.029484375000000066 0.11812962962962967
1 0.27927083333333336 0.4019351851851852 0.07871354166666672 0.132787037037037
3 0.6141510416666667 0.38502777777777775 0.0390625 0.12191666666666663
3 0.5386302083333334 0.32252777777777775 0.0390625 0.12654629629629627
3 0.6080729166666666 0.5030833333333333 0.05642187499999996 0.1512314814814814
1 0.7899322916666667 0.3811759259259259 0.0625 0.1358055555555555
3 0.8203125 0.41898148148148145 0.06597395833333337 0.1466018518518518
1 0.5768229166666666 0.31789814814814815 0.07552083333333333 0.12345370370370375