1 0.207 0.49648611111111113 0.0610703125 0.16829166666666667
3 0.748328125 0.5920694444444444 0.037078125 0.1828888888888889
1 0.51790625 0.48859722222222224 0.08935937499999999 0.15218055555555554
3 0.42935937500000004 0.4327361111111111 0.028335937500000002 0.1455972222222222
3 0.48842187499999995 0.6118611111111112 0.0525390625 0.18170833333333336
3 0.019625 0.36662500000000003 0.03925 0.13051388888888887
3 0.3935625 0.5182777777777778 0.0412109375 0.13511111111111113
3 0.49409375000000005 0.46718055555555554 0.024648437500000002 0.1618888888888889
1 0.4563359375 0.46619444444444447 0.06073437499999999 0.17180555555555557
1 0.434578125 0.5483611111111111 0.0720625 0.14600000000000002
2 0.5611484375 0.3381805555555556 0.03209375 0.13580555555555557
0 0.34297656249999997 0.4901527777777778 0.0443359375 0.1275