3 0.6934427083333333 0.5697129629629629 0.11005729166666664 0.2958518518518518
2 0.7101979166666667 0.19967592592592592 0.0663177083333333 0.23769444444444443
1 0.9064322916666666 0.6049166666666667 0.12005729166666677 0.3229907407407407
0 0.3482291666666667 0.4022314814814816 0.07944270833333332 0.2733981481481481
3 0.5863229166666667 0.31325000000000003 0.05297916666666656 0.2846296296296296
3 0.9658489583333334 0.640462962962963 0.0682864583333334 0.27050925925925934
1 0.4637395833333333 0.30863888888888885 0.08324479166666662 0.2898148148148148
1 0.8559895833333333 0.4388888888888889 0.1171875 0.3055555555555556
3 0.94296875 0.4597222222222222 0.06822916666666666 0.3101851851851852
3 0.18671875 0.24351851851851852 0.09322916666666667 0.25925925925925924
3 0.2565104166666667 0.23287037037037037 0.0765625 0.33796296296296297
3 0.031859375 0.5756851851851852 0.06371354166666668 0.3029537037037038