1 0.27100520833333336 0.49803703703703706 0.10583854166666669 0.18036111111111108
2 0.8266614583333334 0.46422222222222226 0.0364843750000001 0.17757407407407405
1 0.5156197916666667 0.5083981481481482 0.09840104166666658 0.19405555555555548
3 0.7526354166666667 0.3131666666666667 0.0576562499999999 0.15770370370370365
0 0.5025208333333333 0.39423148148148146 0.06378645833333335 0.1584722222222222
1 0.32076041666666666 0.3534259259259259 0.04215625000000003 0.14938888888888893
3 0.2942708333333333 0.39675925925925926 0.0375 0.1712962962962963
3 0.28854166666666664 0.3560185185185185 0.030208333333333334 0.15648148148148147
1 0.4752604166666667 0.42685185185185187 0.10572916666666667 0.17592592592592593
3 0.44921875 0.4212962962962963 0.049479166666666664 0.15925925925925927
1 0.49557291666666664 0.33425925925925926 0.0609375 0.12962962962962962