3 0.8952239583333333 0.5175092592592593 0.058979166666666555 0.2846481481481482
3 0.796078125 0.364287037037037 0.09482812500000008 0.20011111111111113
3 0.13950520833333335 0.24588888888888888 0.06583854166666665 0.18984259259259256
3 0.23456770833333335 0.035388888888888886 0.055161458333333316 0.07077777777777777
1 0.41921875 0.4313888888888889 0.17076562500000006 0.2493518518518518
3 0.08854166666666667 0.0412037037037037 0.026041666666666668 0.0824074074074074
3 0.44690624999999995 0.3751203703703704 0.08888020833333338 0.17042592592592587
3 0.5536458333333333 0.31562962962962965 0.04185937499999994 0.15456481481481488
3 0.28516145833333334 0.5087592592592592 0.059708333333333384 0.2686666666666667
3 0.33671875 0.5560185185185185 0.0546875 0.25462962962962965
3 0.5325520833333334 0.4060185185185185 0.059895833333333336 0.19907407407407407
0 0.5778645833333333 0.4962962962962963 0.0828125 0.20185185185185187