3 0.7004635416666667 0.5888518518518518 0.137640625 0.33490740740740743
1 0.20259895833333333 0.6303240740740741 0.1273072916666667 0.350537037037037
3 0.5625312499999999 0.3824259259259259 0.092328125 0.2802222222222221
3 0.3606979166666667 0.4527685185185185 0.13177083333333334 0.3086944444444443
1 0.6543281249999999 0.564675925925926 0.1318958333333332 0.25475925925925935
0 0.4769583333333333 0.6352592592592593 0.12871874999999994 0.34862037037037036
3 0.6042864583333334 0.2925 0.060307291666666644 0.24920370370370368
1 0.5116718749999999 0.32306481481481486 0.08861979166666671 0.23625
3 0.5151458333333333 0.39575925925925926 0.07611979166666671 0.27238888888888885
3 0.29172916666666665 0.5050370370370371 0.1012604166666667 0.30575
3 0.24164062499999997 0.48111111111111116 0.06209895833333334 0.30420370370370364
1 0.19997395833333334 0.5051851851851852 0.1016875 0.28445370370370376