2 0.64475 0.31369444444444444 0.03191145833333332 0.1318796296296296
2 0.20165104166666667 0.5256666666666667 0.040640624999999986 0.16839814814814805
3 0.50465625 0.5961944444444445 0.04802083333333336 0.18727777777777777
3 0.9221927083333333 0.7480092592592593 0.06154166666666659 0.21217592592592602
1 0.6645104166666667 0.5097407407407407 0.09451041666666668 0.16883333333333325
3 0.130078125 0.5920925925925926 0.07885937499999998 0.1757222222222222
1 0.7966145833333333 0.43764814814814823 0.04261458333333342 0.17248148148148146
0 0.47638020833333333 0.44601851851851854 0.04586979166666663 0.1525462962962963
3 0.3248489583333333 0.44734259259259257 0.037057291666666714 0.1639444444444444
3 0.90121875 0.5171666666666667 0.06634895833333326 0.21050925925925917
1 0.73046875 0.39351851851851855 0.05295312500000004 0.16049074074074077
3 0.7578125 0.39351851851851855 0.034723958333333374 0.14506481481481479
3 0.3619791666666667 0.33719444444444446 0.04514062500000004 0.21450925925925923