3 0.7774739583333333 0.6697777777777778 0.12232291666666674 0.25309259259259254
1 0.3621979166666666 0.5141666666666667 0.0724635416666666 0.23207407407407396
3 0.8985729166666666 0.4144907407407407 0.05502604166666671 0.19753703703703696
1 0.7898229166666667 0.08109259259259258 0.04826041666666659 0.08564814814814815
3 0.236890625 0.4895462962962963 0.06583854166666665 0.19209259259259262
1 0.8023854166666666 0.48072222222222216 0.05064062500000001 0.20120370370370366
3 0.755203125 0.3652962962962963 0.03448437500000002 0.1654259259259259
3 0.8468854166666666 0.08675925925925926 0.020687499999999897 0.07832407407407407
3 0.22553125 0.3718888888888889 0.05815104166666665 0.14137037037037042
3 0.970921875 0.41698148148148145 0.05815624999999992 0.17031481481481475
1 0.4205416666666667 0.11377777777777777 0.05173958333333329 0.09480555555555555
3 0.3689635416666667 0.1145462962962963 0.0280885416666667 0.09196296296296295
1 0.5335885416666667 0.06647222222222222 0.03952083333333339 0.0825462962962963
3 0.8532447916666667 0.4616851851851852 0.05560937499999999 0.17473148148148152
3 0.501890625 0.06567592592592593 0.0180052083333333 0.07679629629629629
1 0.15328645833333335 0.48545370370370367 0.12723958333333338 0.1617222222222223
0 0.6206614583333334 0.061731481481481484 0.024307291666666706 0.07715740740740742
1 0.13932291666666666 0.44212962962962965 0.07899479166666665 0.21450925925925932
0 0.532984375 0.5493796296296297 0.06076562500000004 0.21604629629629624
3 0.767296875 0.34790740740740744 0.042578125 0.15074999999999994